FoamFile
{
    version     2.0;
    format      ascii;
    class       dictionary;
    object      blockMeshDict;
}

scale 1.0;

vertices
(
    (0.02813718 -0.02759103 0.05000000)
    (0.14480743 -0.05290816 0.05000000)
    (1.01500000 0.00000000 0.05000000)
    (0.14480743 0.05290816 0.05000000)
    (0.02813718 -0.02759103 -0.05000000)
    (0.14480743 -0.05290816 -0.05000000)
    (1.01500000 0.00000000 -0.05000000)
    (0.14480743 0.05290816 -0.05000000)
    (-5.00000000 -5.00000000 0.05000000)
    (12.00000000 -5.00000000 0.05000000)
    (12.00000000 5.00000000 0.05000000)
    (-5.00000000 5.00000000 0.05000000)
    (-5.00000000 -5.00000000 -0.05000000)
    (12.00000000 -5.00000000 -0.05000000)
    (12.00000000 5.00000000 -0.05000000)
    (-5.00000000 5.00000000 -0.05000000)
    (-5.00000000 0.00000000 0.05000000)
    (12.00000000 0.00000000 0.05000000)
    (-5.00000000 0.00000000 -0.05000000)
    (12.00000000 0.00000000 -0.05000000)
    (1.00000000 5.00000000 0.05000000)
    (1.00000000 -5.00000000 0.05000000)
    (1.00000000 5.00000000 -0.05000000)
    (1.00000000 -5.00000000 -0.05000000)
    (0.02813718 0.02759103 0.05000000)
    (0.02813718 0.02759103 -0.05000000)
    (-5.00000000 -0.02759103 0.05000000)
    (-5.00000000 0.02759103 0.05000000)
    (-5.00000000 -0.02759103 -0.05000000)
    (-5.00000000 0.02759103 -0.05000000)
);

blocks
(
    // upper upstream block
    hex (24 27 11 3 25 29 15 7)
        (220 150 1)
        simpleGrading (1600.0 0.65 1)

    // topological LE cap block
    hex (0 26 27 24 4 28 29 25)
        (220 42 1)
        simpleGrading (1600.0 1 1)

    // lower upstream block
    hex (0 1 8 26 4 5 12 28)
        (150 220 1)
        simpleGrading (0.65 1600.0 1)

    // upper airfoil-to-TE block
    hex (3 11 20 2 7 15 22 6)
        (220 150 1)
        simpleGrading (1600.0 1 1)

    // lower airfoil-to-TE block
    hex (1 2 21 8 5 6 23 12)
        (150 220 1)
        simpleGrading (1 1600.0 1)

    // upper wake block
    hex (2 20 10 17 6 22 14 19)
        (220 260 1)
        simpleGrading (1600.0 1.8 1)

    // lower wake block
    hex (2 17 9 21 6 19 13 23)
        (260 220 1)
        simpleGrading (1.8 1600.0 1)
);

edges
(
    spline 0 1
    (
        (0.02891099 -0.02793164 0.05000000)
        (0.02970068 -0.02827340 0.05000000)
        (0.03050645 -0.02861627 0.05000000)
        (0.03132848 -0.02896022 0.05000000)
        (0.03216698 -0.02930519 0.05000000)
        (0.03302215 -0.02965115 0.05000000)
        (0.03389417 -0.02999804 0.05000000)
        (0.03478324 -0.03034582 0.05000000)
        (0.03568955 -0.03069445 0.05000000)
        (0.03661331 -0.03104388 0.05000000)
        (0.03755469 -0.03139406 0.05000000)
        (0.03851391 -0.03174494 0.05000000)
        (0.03949113 -0.03209647 0.05000000)
        (0.04048657 -0.03244861 0.05000000)
        (0.04150041 -0.03280130 0.05000000)
        (0.04253283 -0.03315449 0.05000000)
        (0.04358404 -0.03350813 0.05000000)
        (0.04465421 -0.03386216 0.05000000)
        (0.04574353 -0.03421653 0.05000000)
        (0.04685220 -0.03457119 0.05000000)
        (0.04798039 -0.03492609 0.05000000)
        (0.04912830 -0.03528115 0.05000000)
        (0.05029609 -0.03563634 0.05000000)
        (0.05148397 -0.03599159 0.05000000)
        (0.05269209 -0.03634684 0.05000000)
        (0.05392066 -0.03670203 0.05000000)
        (0.05516984 -0.03705711 0.05000000)
        (0.05643981 -0.03741202 0.05000000)
        (0.05773074 -0.03776669 0.05000000)
        (0.05904282 -0.03812105 0.05000000)
        (0.06037621 -0.03847506 0.05000000)
        (0.06173108 -0.03882864 0.05000000)
        (0.06310759 -0.03918174 0.05000000)
        (0.06450593 -0.03953428 0.05000000)
        (0.06592625 -0.03988621 0.05000000)
        (0.06736871 -0.04023745 0.05000000)
        (0.06883349 -0.04058794 0.05000000)
        (0.07032072 -0.04093762 0.05000000)
        (0.07183059 -0.04128641 0.05000000)
        (0.07336323 -0.04163424 0.05000000)
        (0.07491880 -0.04198106 0.05000000)
        (0.07649745 -0.04232679 0.05000000)
        (0.07809934 -0.04267135 0.05000000)
        (0.07972460 -0.04301468 0.05000000)
        (0.08137338 -0.04335671 0.05000000)
        (0.08304583 -0.04369737 0.05000000)
        (0.08474207 -0.04403658 0.05000000)
        (0.08646225 -0.04437427 0.05000000)
        (0.08820651 -0.04471037 0.05000000)
        (0.08997496 -0.04504481 0.05000000)
        (0.09176774 -0.04537750 0.05000000)
        (0.09358498 -0.04570839 0.05000000)
        (0.09542680 -0.04603739 0.05000000)
        (0.09729331 -0.04636442 0.05000000)
        (0.09918464 -0.04668942 0.05000000)
        (0.10110090 -0.04701230 0.05000000)
        (0.10304219 -0.04733299 0.05000000)
        (0.10500864 -0.04765142 0.05000000)
        (0.10700033 -0.04796751 0.05000000)
        (0.10901737 -0.04828118 0.05000000)
        (0.11105987 -0.04859235 0.05000000)
        (0.11312791 -0.04890095 0.05000000)
        (0.11522159 -0.04920690 0.05000000)
        (0.11734099 -0.04951013 0.05000000)
        (0.11948620 -0.04981055 0.05000000)
        (0.12165730 -0.05010810 0.05000000)
        (0.12385436 -0.05040268 0.05000000)
        (0.12607747 -0.05069423 0.05000000)
        (0.12832669 -0.05098267 0.05000000)
        (0.13060209 -0.05126792 0.05000000)
        (0.13290372 -0.05154991 0.05000000)
        (0.13523166 -0.05182855 0.05000000)
        (0.13758595 -0.05210377 0.05000000)
        (0.13996664 -0.05237550 0.05000000)
        (0.14237379 -0.05264365 0.05000000)
    )

    spline 1 2
    (
        (0.14726761 -0.05316895 0.05000000)
        (0.14975436 -0.05342593 0.05000000)
        (0.15226771 -0.05367905 0.05000000)
        (0.15480768 -0.05392822 0.05000000)
        (0.15737431 -0.05417336 0.05000000)
        (0.15996761 -0.05441441 0.05000000)
        (0.16258759 -0.05465130 0.05000000)
        (0.16523426 -0.05488394 0.05000000)
        (0.16790764 -0.05511228 0.05000000)
        (0.17060771 -0.05533623 0.05000000)
        (0.17333448 -0.05555573 0.05000000)
        (0.17608795 -0.05577071 0.05000000)
        (0.17886808 -0.05598110 0.05000000)
        (0.18167488 -0.05618683 0.05000000)
        (0.18450832 -0.05638784 0.05000000)
        (0.18736837 -0.05658405 0.05000000)
        (0.19025501 -0.05677541 0.05000000)
        (0.19316819 -0.05696184 0.05000000)
        (0.19610788 -0.05714330 0.05000000)
        (0.19907404 -0.05731970 0.05000000)
        (0.20206661 -0.05749100 0.05000000)
        (0.20508554 -0.05765712 0.05000000)
        (0.20813078 -0.05781803 0.05000000)
        (0.21120225 -0.05797364 0.05000000)
        (0.21429990 -0.05812391 0.05000000)
        (0.21742364 -0.05826879 0.05000000)
        (0.22057340 -0.05840821 0.05000000)
        (0.22374910 -0.05854213 0.05000000)
        (0.22695064 -0.05867050 0.05000000)
        (0.23017794 -0.05879325 0.05000000)
        (0.23343090 -0.05891035 0.05000000)
        (0.23670942 -0.05902175 0.05000000)
        (0.24001338 -0.05912741 0.05000000)
        (0.24334268 -0.05922726 0.05000000)
        (0.24669719 -0.05932129 0.05000000)
        (0.25007680 -0.05940943 0.05000000)
        (0.25348137 -0.05949166 0.05000000)
        (0.25691078 -0.05956793 0.05000000)
        (0.26036489 -0.05963821 0.05000000)
        (0.26384354 -0.05970247 0.05000000)
        (0.26734661 -0.05976066 0.05000000)
        (0.27087392 -0.05981277 0.05000000)
        (0.27442533 -0.05985875 0.05000000)
        (0.27800067 -0.05989858 0.05000000)
        (0.28159977 -0.05993223 0.05000000)
        (0.28522246 -0.05995969 0.05000000)
        (0.28886856 -0.05998092 0.05000000)
        (0.29253788 -0.05999591 0.05000000)
        (0.29623024 -0.06000463 0.05000000)
        (0.29994545 -0.06000707 0.05000000)
        (0.30368330 -0.06000322 0.05000000)
        (0.30744359 -0.05999305 0.05000000)
        (0.31122612 -0.05997656 0.05000000)
        (0.31503066 -0.05995374 0.05000000)
        (0.31885700 -0.05992457 0.05000000)
        (0.32270491 -0.05988906 0.05000000)
        (0.32657417 -0.05984720 0.05000000)
        (0.33046454 -0.05979898 0.05000000)
        (0.33437578 -0.05974441 0.05000000)
        (0.33830765 -0.05968348 0.05000000)
        (0.34225989 -0.05961621 0.05000000)
        (0.34623226 -0.05954258 0.05000000)
        (0.35022450 -0.05946262 0.05000000)
        (0.35423633 -0.05937633 0.05000000)
        (0.35826749 -0.05928371 0.05000000)
        (0.36231771 -0.05918479 0.05000000)
        (0.36638671 -0.05907958 0.05000000)
        (0.37047421 -0.05896809 0.05000000)
        (0.37457991 -0.05885034 0.05000000)
        (0.37870352 -0.05872635 0.05000000)
        (0.38284474 -0.05859614 0.05000000)
        (0.38700328 -0.05845974 0.05000000)
        (0.39117883 -0.05831716 0.05000000)
        (0.39537106 -0.05816845 0.05000000)
        (0.39957968 -0.05801362 0.05000000)
        (0.40380434 -0.05785270 0.05000000)
        (0.40804474 -0.05768574 0.05000000)
        (0.41230053 -0.05751275 0.05000000)
        (0.41657139 -0.05733379 0.05000000)
        (0.42085696 -0.05714887 0.05000000)
        (0.42515692 -0.05695805 0.05000000)
        (0.42947091 -0.05676136 0.05000000)
        (0.43379858 -0.05655885 0.05000000)
        (0.43813957 -0.05635056 0.05000000)
        (0.44249351 -0.05613652 0.05000000)
        (0.44686006 -0.05591680 0.05000000)
        (0.45123883 -0.05569143 0.05000000)
        (0.45562945 -0.05546047 0.05000000)
        (0.46003154 -0.05522397 0.05000000)
        (0.46444472 -0.05498197 0.05000000)
        (0.46886861 -0.05473454 0.05000000)
        (0.47330282 -0.05448172 0.05000000)
        (0.47774695 -0.05422357 0.05000000)
        (0.48220060 -0.05396016 0.05000000)
        (0.48666338 -0.05369153 0.05000000)
        (0.49113487 -0.05341775 0.05000000)
        (0.49561468 -0.05313888 0.05000000)
        (0.50010238 -0.05285497 0.05000000)
        (0.50459757 -0.05256611 0.05000000)
        (0.50909981 -0.05227233 0.05000000)
        (0.51360870 -0.05197373 0.05000000)
        (0.51812380 -0.05167035 0.05000000)
        (0.52264468 -0.05136226 0.05000000)
        (0.52717091 -0.05104954 0.05000000)
        (0.53170206 -0.05073225 0.05000000)
        (0.53623769 -0.05041047 0.05000000)
        (0.54077735 -0.05008425 0.05000000)
        (0.54532060 -0.04975369 0.05000000)
        (0.54986699 -0.04941884 0.05000000)
        (0.55441607 -0.04907978 0.05000000)
        (0.55896738 -0.04873658 0.05000000)
        (0.56352048 -0.04838932 0.05000000)
        (0.56807490 -0.04803808 0.05000000)
        (0.57263017 -0.04768293 0.05000000)
        (0.57718585 -0.04732395 0.05000000)
        (0.58174145 -0.04696120 0.05000000)
        (0.58629651 -0.04659479 0.05000000)
        (0.59085056 -0.04622477 0.05000000)
        (0.59540313 -0.04585123 0.05000000)
        (0.59995373 -0.04547425 0.05000000)
        (0.60450190 -0.04509390 0.05000000)
        (0.60904715 -0.04471028 0.05000000)
        (0.61358900 -0.04432346 0.05000000)
        (0.61812697 -0.04393352 0.05000000)
        (0.62266057 -0.04354054 0.05000000)
        (0.62718932 -0.04314461 0.05000000)
        (0.63171273 -0.04274580 0.05000000)
        (0.63623030 -0.04234421 0.05000000)
        (0.64074155 -0.04193991 0.05000000)
        (0.64524598 -0.04153299 0.05000000)
        (0.64974310 -0.04112353 0.05000000)
        (0.65423242 -0.04071162 0.05000000)
        (0.65871343 -0.04029734 0.05000000)
        (0.66318565 -0.03988077 0.05000000)
        (0.66764857 -0.03946201 0.05000000)
        (0.67210169 -0.03904113 0.05000000)
        (0.67654452 -0.03861823 0.05000000)
        (0.68097655 -0.03819339 0.05000000)
        (0.68539729 -0.03776669 0.05000000)
        (0.68980622 -0.03733822 0.05000000)
        (0.69420285 -0.03690808 0.05000000)
        (0.69858668 -0.03647633 0.05000000)
        (0.70295721 -0.03604309 0.05000000)
        (0.70731392 -0.03560842 0.05000000)
        (0.71165633 -0.03517243 0.05000000)
        (0.71598392 -0.03473519 0.05000000)
        (0.72029619 -0.03429680 0.05000000)
        (0.72459265 -0.03385734 0.05000000)
        (0.72887278 -0.03341690 0.05000000)
        (0.73313609 -0.03297558 0.05000000)
        (0.73738207 -0.03253346 0.05000000)
        (0.74161023 -0.03209063 0.05000000)
        (0.74582006 -0.03164719 0.05000000)
        (0.75001107 -0.03120321 0.05000000)
        (0.75418275 -0.03075880 0.05000000)
        (0.75833461 -0.03031404 0.05000000)
        (0.76246616 -0.02986903 0.05000000)
        (0.76657688 -0.02942385 0.05000000)
        (0.77066630 -0.02897859 0.05000000)
        (0.77473392 -0.02853335 0.05000000)
        (0.77877924 -0.02808823 0.05000000)
        (0.78280178 -0.02764330 0.05000000)
        (0.78680105 -0.02719867 0.05000000)
        (0.79077655 -0.02675443 0.05000000)
        (0.79472781 -0.02631067 0.05000000)
        (0.79865434 -0.02586748 0.05000000)
        (0.80255565 -0.02542495 0.05000000)
        (0.80643127 -0.02498319 0.05000000)
        (0.81028073 -0.02454228 0.05000000)
        (0.81410353 -0.02410232 0.05000000)
        (0.81789922 -0.02366341 0.05000000)
        (0.82166732 -0.02322563 0.05000000)
        (0.82540735 -0.02278909 0.05000000)
        (0.82911886 -0.02235387 0.05000000)
        (0.83280139 -0.02192008 0.05000000)
        (0.83645446 -0.02148781 0.05000000)
        (0.84007762 -0.02105715 0.05000000)
        (0.84367042 -0.02062820 0.05000000)
        (0.84723240 -0.02020107 0.05000000)
        (0.85076311 -0.01977584 0.05000000)
        (0.85426212 -0.01935260 0.05000000)
        (0.85772896 -0.01893147 0.05000000)
        (0.86116321 -0.01851253 0.05000000)
        (0.86456443 -0.01809589 0.05000000)
        (0.86793218 -0.01768163 0.05000000)
        (0.87126604 -0.01726986 0.05000000)
        (0.87456558 -0.01686068 0.05000000)
        (0.87783037 -0.01645418 0.05000000)
        (0.88106000 -0.01605046 0.05000000)
        (0.88425405 -0.01564961 0.05000000)
        (0.88741211 -0.01525174 0.05000000)
        (0.89053378 -0.01485694 0.05000000)
        (0.89361865 -0.01446532 0.05000000)
        (0.89666633 -0.01407696 0.05000000)
        (0.89967641 -0.01369196 0.05000000)
        (0.90264851 -0.01331042 0.05000000)
        (0.90558224 -0.01293245 0.05000000)
        (0.90847722 -0.01255813 0.05000000)
        (0.91133308 -0.01218756 0.05000000)
        (0.91414944 -0.01182084 0.05000000)
        (0.91692594 -0.01145806 0.05000000)
        (0.91966220 -0.01109932 0.05000000)
        (0.92235788 -0.01074472 0.05000000)
        (0.92501262 -0.01039435 0.05000000)
        (0.92762607 -0.01004830 0.05000000)
        (0.93019789 -0.00970667 0.05000000)
        (0.93272774 -0.00936955 0.05000000)
        (0.93521529 -0.00903703 0.05000000)
        (0.93766020 -0.00870921 0.05000000)
        (0.94006216 -0.00838617 0.05000000)
        (0.94242086 -0.00806801 0.05000000)
        (0.94473596 -0.00775482 0.05000000)
        (0.94700718 -0.00744669 0.05000000)
        (0.94923421 -0.00714370 0.05000000)
        (0.95141675 -0.00684594 0.05000000)
        (0.95355452 -0.00655349 0.05000000)
        (0.95564723 -0.00626645 0.05000000)
        (0.95769460 -0.00598490 0.05000000)
        (0.95969636 -0.00570891 0.05000000)
        (0.96165224 -0.00543858 0.05000000)
        (0.96356198 -0.00517398 0.05000000)
        (0.96542533 -0.00491519 0.05000000)
        (0.96724204 -0.00466229 0.05000000)
        (0.96901186 -0.00441536 0.05000000)
        (0.97073456 -0.00417447 0.05000000)
        (0.97240991 -0.00393969 0.05000000)
        (0.97403768 -0.00371110 0.05000000)
        (0.97561765 -0.00348877 0.05000000)
        (0.97714962 -0.00327277 0.05000000)
        (0.97863338 -0.00306316 0.05000000)
        (0.98006872 -0.00286001 0.05000000)
        (0.98145545 -0.00266339 0.05000000)
        (0.98279340 -0.00247335 0.05000000)
        (0.98408237 -0.00228996 0.05000000)
        (0.98532220 -0.00211328 0.05000000)
        (0.98651272 -0.00194336 0.05000000)
        (0.98765376 -0.00178025 0.05000000)
        (0.98874517 -0.00162402 0.05000000)
        (0.98978682 -0.00147471 0.05000000)
        (0.99077854 -0.00133236 0.05000000)
        (0.99172022 -0.00119703 0.05000000)
        (0.99261172 -0.00106876 0.05000000)
        (0.99345293 -0.00094759 0.05000000)
        (0.99424372 -0.00083356 0.05000000)
        (0.99498400 -0.00072671 0.05000000)
        (0.99567366 -0.00062707 0.05000000)
        (0.99631261 -0.00053468 0.05000000)
        (0.99690076 -0.00044957 0.05000000)
        (0.99743804 -0.00037176 0.05000000)
        (0.99792437 -0.00030129 0.05000000)
        (0.99835968 -0.00023817 0.05000000)
        (0.99874392 -0.00018242 0.05000000)
        (0.99907703 -0.00013407 0.05000000)
        (0.99935897 -0.00009314 0.05000000)
        (0.99958970 -0.00005962 0.05000000)
        (0.99976919 -0.00003354 0.05000000)
        (0.99989741 -0.00001491 0.05000000)
        (0.99997435 -0.00000373 0.05000000)
        (1.00000000 0.00000000 0.05000000)
    )

    spline 24 3
    (
        (0.02891099 0.02793164 0.05000000)
        (0.02970068 0.02827340 0.05000000)
        (0.03050645 0.02861627 0.05000000)
        (0.03132848 0.02896022 0.05000000)
        (0.03216698 0.02930519 0.05000000)
        (0.03302215 0.02965115 0.05000000)
        (0.03389417 0.02999804 0.05000000)
        (0.03478324 0.03034582 0.05000000)
        (0.03568955 0.03069445 0.05000000)
        (0.03661331 0.03104388 0.05000000)
        (0.03755469 0.03139406 0.05000000)
        (0.03851391 0.03174494 0.05000000)
        (0.03949113 0.03209647 0.05000000)
        (0.04048657 0.03244861 0.05000000)
        (0.04150041 0.03280130 0.05000000)
        (0.04253283 0.03315449 0.05000000)
        (0.04358404 0.03350813 0.05000000)
        (0.04465421 0.03386216 0.05000000)
        (0.04574353 0.03421653 0.05000000)
        (0.04685220 0.03457119 0.05000000)
        (0.04798039 0.03492609 0.05000000)
        (0.04912830 0.03528115 0.05000000)
        (0.05029609 0.03563634 0.05000000)
        (0.05148397 0.03599159 0.05000000)
        (0.05269209 0.03634684 0.05000000)
        (0.05392066 0.03670203 0.05000000)
        (0.05516984 0.03705711 0.05000000)
        (0.05643981 0.03741202 0.05000000)
        (0.05773074 0.03776669 0.05000000)
        (0.05904282 0.03812105 0.05000000)
        (0.06037621 0.03847506 0.05000000)
        (0.06173108 0.03882864 0.05000000)
        (0.06310759 0.03918174 0.05000000)
        (0.06450593 0.03953428 0.05000000)
        (0.06592625 0.03988621 0.05000000)
        (0.06736871 0.04023745 0.05000000)
        (0.06883349 0.04058794 0.05000000)
        (0.07032072 0.04093762 0.05000000)
        (0.07183059 0.04128641 0.05000000)
        (0.07336323 0.04163424 0.05000000)
        (0.07491880 0.04198106 0.05000000)
        (0.07649745 0.04232679 0.05000000)
        (0.07809934 0.04267135 0.05000000)
        (0.07972460 0.04301468 0.05000000)
        (0.08137338 0.04335671 0.05000000)
        (0.08304583 0.04369737 0.05000000)
        (0.08474207 0.04403658 0.05000000)
        (0.08646225 0.04437427 0.05000000)
        (0.08820651 0.04471037 0.05000000)
        (0.08997496 0.04504481 0.05000000)
        (0.09176774 0.04537750 0.05000000)
        (0.09358498 0.04570839 0.05000000)
        (0.09542680 0.04603739 0.05000000)
        (0.09729331 0.04636442 0.05000000)
        (0.09918464 0.04668942 0.05000000)
        (0.10110090 0.04701230 0.05000000)
        (0.10304219 0.04733299 0.05000000)
        (0.10500864 0.04765142 0.05000000)
        (0.10700033 0.04796751 0.05000000)
        (0.10901737 0.04828118 0.05000000)
        (0.11105987 0.04859235 0.05000000)
        (0.11312791 0.04890095 0.05000000)
        (0.11522159 0.04920690 0.05000000)
        (0.11734099 0.04951013 0.05000000)
        (0.11948620 0.04981055 0.05000000)
        (0.12165730 0.05010810 0.05000000)
        (0.12385436 0.05040268 0.05000000)
        (0.12607747 0.05069423 0.05000000)
        (0.12832669 0.05098267 0.05000000)
        (0.13060209 0.05126792 0.05000000)
        (0.13290372 0.05154991 0.05000000)
        (0.13523166 0.05182855 0.05000000)
        (0.13758595 0.05210377 0.05000000)
        (0.13996664 0.05237550 0.05000000)
        (0.14237379 0.05264365 0.05000000)
    )

    spline 3 2
    (
        (0.14726761 0.05316895 0.05000000)
        (0.14975436 0.05342593 0.05000000)
        (0.15226771 0.05367905 0.05000000)
        (0.15480768 0.05392822 0.05000000)
        (0.15737431 0.05417336 0.05000000)
        (0.15996761 0.05441441 0.05000000)
        (0.16258759 0.05465130 0.05000000)
        (0.16523426 0.05488394 0.05000000)
        (0.16790764 0.05511228 0.05000000)
        (0.17060771 0.05533623 0.05000000)
        (0.17333448 0.05555573 0.05000000)
        (0.17608795 0.05577071 0.05000000)
        (0.17886808 0.05598110 0.05000000)
        (0.18167488 0.05618683 0.05000000)
        (0.18450832 0.05638784 0.05000000)
        (0.18736837 0.05658405 0.05000000)
        (0.19025501 0.05677541 0.05000000)
        (0.19316819 0.05696184 0.05000000)
        (0.19610788 0.05714330 0.05000000)
        (0.19907404 0.05731970 0.05000000)
        (0.20206661 0.05749100 0.05000000)
        (0.20508554 0.05765712 0.05000000)
        (0.20813078 0.05781803 0.05000000)
        (0.21120225 0.05797364 0.05000000)
        (0.21429990 0.05812391 0.05000000)
        (0.21742364 0.05826879 0.05000000)
        (0.22057340 0.05840821 0.05000000)
        (0.22374910 0.05854213 0.05000000)
        (0.22695064 0.05867050 0.05000000)
        (0.23017794 0.05879325 0.05000000)
        (0.23343090 0.05891035 0.05000000)
        (0.23670942 0.05902175 0.05000000)
        (0.24001338 0.05912741 0.05000000)
        (0.24334268 0.05922726 0.05000000)
        (0.24669719 0.05932129 0.05000000)
        (0.25007680 0.05940943 0.05000000)
        (0.25348137 0.05949166 0.05000000)
        (0.25691078 0.05956793 0.05000000)
        (0.26036489 0.05963821 0.05000000)
        (0.26384354 0.05970247 0.05000000)
        (0.26734661 0.05976066 0.05000000)
        (0.27087392 0.05981277 0.05000000)
        (0.27442533 0.05985875 0.05000000)
        (0.27800067 0.05989858 0.05000000)
        (0.28159977 0.05993223 0.05000000)
        (0.28522246 0.05995969 0.05000000)
        (0.28886856 0.05998092 0.05000000)
        (0.29253788 0.05999591 0.05000000)
        (0.29623024 0.06000463 0.05000000)
        (0.29994545 0.06000707 0.05000000)
        (0.30368330 0.06000322 0.05000000)
        (0.30744359 0.05999305 0.05000000)
        (0.31122612 0.05997656 0.05000000)
        (0.31503066 0.05995374 0.05000000)
        (0.31885700 0.05992457 0.05000000)
        (0.32270491 0.05988906 0.05000000)
        (0.32657417 0.05984720 0.05000000)
        (0.33046454 0.05979898 0.05000000)
        (0.33437578 0.05974441 0.05000000)
        (0.33830765 0.05968348 0.05000000)
        (0.34225989 0.05961621 0.05000000)
        (0.34623226 0.05954258 0.05000000)
        (0.35022450 0.05946262 0.05000000)
        (0.35423633 0.05937633 0.05000000)
        (0.35826749 0.05928371 0.05000000)
        (0.36231771 0.05918479 0.05000000)
        (0.36638671 0.05907958 0.05000000)
        (0.37047421 0.05896809 0.05000000)
        (0.37457991 0.05885034 0.05000000)
        (0.37870352 0.05872635 0.05000000)
        (0.38284474 0.05859614 0.05000000)
        (0.38700328 0.05845974 0.05000000)
        (0.39117883 0.05831716 0.05000000)
        (0.39537106 0.05816845 0.05000000)
        (0.39957968 0.05801362 0.05000000)
        (0.40380434 0.05785270 0.05000000)
        (0.40804474 0.05768574 0.05000000)
        (0.41230053 0.05751275 0.05000000)
        (0.41657139 0.05733379 0.05000000)
        (0.42085696 0.05714887 0.05000000)
        (0.42515692 0.05695805 0.05000000)
        (0.42947091 0.05676136 0.05000000)
        (0.43379858 0.05655885 0.05000000)
        (0.43813957 0.05635056 0.05000000)
        (0.44249351 0.05613652 0.05000000)
        (0.44686006 0.05591680 0.05000000)
        (0.45123883 0.05569143 0.05000000)
        (0.45562945 0.05546047 0.05000000)
        (0.46003154 0.05522397 0.05000000)
        (0.46444472 0.05498197 0.05000000)
        (0.46886861 0.05473454 0.05000000)
        (0.47330282 0.05448172 0.05000000)
        (0.47774695 0.05422357 0.05000000)
        (0.48220060 0.05396016 0.05000000)
        (0.48666338 0.05369153 0.05000000)
        (0.49113487 0.05341775 0.05000000)
        (0.49561468 0.05313888 0.05000000)
        (0.50010238 0.05285497 0.05000000)
        (0.50459757 0.05256611 0.05000000)
        (0.50909981 0.05227233 0.05000000)
        (0.51360870 0.05197373 0.05000000)
        (0.51812380 0.05167035 0.05000000)
        (0.52264468 0.05136226 0.05000000)
        (0.52717091 0.05104954 0.05000000)
        (0.53170206 0.05073225 0.05000000)
        (0.53623769 0.05041047 0.05000000)
        (0.54077735 0.05008425 0.05000000)
        (0.54532060 0.04975369 0.05000000)
        (0.54986699 0.04941884 0.05000000)
        (0.55441607 0.04907978 0.05000000)
        (0.55896738 0.04873658 0.05000000)
        (0.56352048 0.04838932 0.05000000)
        (0.56807490 0.04803808 0.05000000)
        (0.57263017 0.04768293 0.05000000)
        (0.57718585 0.04732395 0.05000000)
        (0.58174145 0.04696120 0.05000000)
        (0.58629651 0.04659479 0.05000000)
        (0.59085056 0.04622477 0.05000000)
        (0.59540313 0.04585123 0.05000000)
        (0.59995373 0.04547425 0.05000000)
        (0.60450190 0.04509390 0.05000000)
        (0.60904715 0.04471028 0.05000000)
        (0.61358900 0.04432346 0.05000000)
        (0.61812697 0.04393352 0.05000000)
        (0.62266057 0.04354054 0.05000000)
        (0.62718932 0.04314461 0.05000000)
        (0.63171273 0.04274580 0.05000000)
        (0.63623030 0.04234421 0.05000000)
        (0.64074155 0.04193991 0.05000000)
        (0.64524598 0.04153299 0.05000000)
        (0.64974310 0.04112353 0.05000000)
        (0.65423242 0.04071162 0.05000000)
        (0.65871343 0.04029734 0.05000000)
        (0.66318565 0.03988077 0.05000000)
        (0.66764857 0.03946201 0.05000000)
        (0.67210169 0.03904113 0.05000000)
        (0.67654452 0.03861823 0.05000000)
        (0.68097655 0.03819339 0.05000000)
        (0.68539729 0.03776669 0.05000000)
        (0.68980622 0.03733822 0.05000000)
        (0.69420285 0.03690808 0.05000000)
        (0.69858668 0.03647633 0.05000000)
        (0.70295721 0.03604309 0.05000000)
        (0.70731392 0.03560842 0.05000000)
        (0.71165633 0.03517243 0.05000000)
        (0.71598392 0.03473519 0.05000000)
        (0.72029619 0.03429680 0.05000000)
        (0.72459265 0.03385734 0.05000000)
        (0.72887278 0.03341690 0.05000000)
        (0.73313609 0.03297558 0.05000000)
        (0.73738207 0.03253346 0.05000000)
        (0.74161023 0.03209063 0.05000000)
        (0.74582006 0.03164719 0.05000000)
        (0.75001107 0.03120321 0.05000000)
        (0.75418275 0.03075880 0.05000000)
        (0.75833461 0.03031404 0.05000000)
        (0.76246616 0.02986903 0.05000000)
        (0.76657688 0.02942385 0.05000000)
        (0.77066630 0.02897859 0.05000000)
        (0.77473392 0.02853335 0.05000000)
        (0.77877924 0.02808823 0.05000000)
        (0.78280178 0.02764330 0.05000000)
        (0.78680105 0.02719867 0.05000000)
        (0.79077655 0.02675443 0.05000000)
        (0.79472781 0.02631067 0.05000000)
        (0.79865434 0.02586748 0.05000000)
        (0.80255565 0.02542495 0.05000000)
        (0.80643127 0.02498319 0.05000000)
        (0.81028073 0.02454228 0.05000000)
        (0.81410353 0.02410232 0.05000000)
        (0.81789922 0.02366341 0.05000000)
        (0.82166732 0.02322563 0.05000000)
        (0.82540735 0.02278909 0.05000000)
        (0.82911886 0.02235387 0.05000000)
        (0.83280139 0.02192008 0.05000000)
        (0.83645446 0.02148781 0.05000000)
        (0.84007762 0.02105715 0.05000000)
        (0.84367042 0.02062820 0.05000000)
        (0.84723240 0.02020107 0.05000000)
        (0.85076311 0.01977584 0.05000000)
        (0.85426212 0.01935260 0.05000000)
        (0.85772896 0.01893147 0.05000000)
        (0.86116321 0.01851253 0.05000000)
        (0.86456443 0.01809589 0.05000000)
        (0.86793218 0.01768163 0.05000000)
        (0.87126604 0.01726986 0.05000000)
        (0.87456558 0.01686068 0.05000000)
        (0.87783037 0.01645418 0.05000000)
        (0.88106000 0.01605046 0.05000000)
        (0.88425405 0.01564961 0.05000000)
        (0.88741211 0.01525174 0.05000000)
        (0.89053378 0.01485694 0.05000000)
        (0.89361865 0.01446532 0.05000000)
        (0.89666633 0.01407696 0.05000000)
        (0.89967641 0.01369196 0.05000000)
        (0.90264851 0.01331042 0.05000000)
        (0.90558224 0.01293245 0.05000000)
        (0.90847722 0.01255813 0.05000000)
        (0.91133308 0.01218756 0.05000000)
        (0.91414944 0.01182084 0.05000000)
        (0.91692594 0.01145806 0.05000000)
        (0.91966220 0.01109932 0.05000000)
        (0.92235788 0.01074472 0.05000000)
        (0.92501262 0.01039435 0.05000000)
        (0.92762607 0.01004830 0.05000000)
        (0.93019789 0.00970667 0.05000000)
        (0.93272774 0.00936955 0.05000000)
        (0.93521529 0.00903703 0.05000000)
        (0.93766020 0.00870921 0.05000000)
        (0.94006216 0.00838617 0.05000000)
        (0.94242086 0.00806801 0.05000000)
        (0.94473596 0.00775482 0.05000000)
        (0.94700718 0.00744669 0.05000000)
        (0.94923421 0.00714370 0.05000000)
        (0.95141675 0.00684594 0.05000000)
        (0.95355452 0.00655349 0.05000000)
        (0.95564723 0.00626645 0.05000000)
        (0.95769460 0.00598490 0.05000000)
        (0.95969636 0.00570891 0.05000000)
        (0.96165224 0.00543858 0.05000000)
        (0.96356198 0.00517398 0.05000000)
        (0.96542533 0.00491519 0.05000000)
        (0.96724204 0.00466229 0.05000000)
        (0.96901186 0.00441536 0.05000000)
        (0.97073456 0.00417447 0.05000000)
        (0.97240991 0.00393969 0.05000000)
        (0.97403768 0.00371110 0.05000000)
        (0.97561765 0.00348877 0.05000000)
        (0.97714962 0.00327277 0.05000000)
        (0.97863338 0.00306316 0.05000000)
        (0.98006872 0.00286001 0.05000000)
        (0.98145545 0.00266339 0.05000000)
        (0.98279340 0.00247335 0.05000000)
        (0.98408237 0.00228996 0.05000000)
        (0.98532220 0.00211328 0.05000000)
        (0.98651272 0.00194336 0.05000000)
        (0.98765376 0.00178025 0.05000000)
        (0.98874517 0.00162402 0.05000000)
        (0.98978682 0.00147471 0.05000000)
        (0.99077854 0.00133236 0.05000000)
        (0.99172022 0.00119703 0.05000000)
        (0.99261172 0.00106876 0.05000000)
        (0.99345293 0.00094759 0.05000000)
        (0.99424372 0.00083356 0.05000000)
        (0.99498400 0.00072671 0.05000000)
        (0.99567366 0.00062707 0.05000000)
        (0.99631261 0.00053468 0.05000000)
        (0.99690076 0.00044957 0.05000000)
        (0.99743804 0.00037176 0.05000000)
        (0.99792437 0.00030129 0.05000000)
        (0.99835968 0.00023817 0.05000000)
        (0.99874392 0.00018242 0.05000000)
        (0.99907703 0.00013407 0.05000000)
        (0.99935897 0.00009314 0.05000000)
        (0.99958970 0.00005962 0.05000000)
        (0.99976919 0.00003354 0.05000000)
        (0.99989741 0.00001491 0.05000000)
        (0.99997435 0.00000373 0.05000000)
        (1.00000000 0.00000000 0.05000000)
    )

    spline 0 24
    (
        (0.02737905 -0.02725161 0.05000000)
        (0.02663641 -0.02691344 0.05000000)
        (0.02590906 -0.02657653 0.05000000)
        (0.02519681 -0.02624095 0.05000000)
        (0.02449946 -0.02590671 0.05000000)
        (0.02381681 -0.02557387 0.05000000)
        (0.02314867 -0.02524246 0.05000000)
        (0.02249484 -0.02491250 0.05000000)
        (0.02185514 -0.02458405 0.05000000)
        (0.02122936 -0.02425713 0.05000000)
        (0.02061731 -0.02393178 0.05000000)
        (0.02001880 -0.02360803 0.05000000)
        (0.01943363 -0.02328592 0.05000000)
        (0.01886162 -0.02296547 0.05000000)
        (0.01830256 -0.02264672 0.05000000)
        (0.01775627 -0.02232969 0.05000000)
        (0.01722256 -0.02201443 0.05000000)
        (0.01670124 -0.02170095 0.05000000)
        (0.01619212 -0.02138929 0.05000000)
        (0.01569500 -0.02107947 0.05000000)
        (0.01520971 -0.02077153 0.05000000)
        (0.01473605 -0.02046548 0.05000000)
        (0.01427383 -0.02016136 0.05000000)
        (0.01382288 -0.01985919 0.05000000)
        (0.01338301 -0.01955899 0.05000000)
        (0.01295404 -0.01926079 0.05000000)
        (0.01253578 -0.01896462 0.05000000)
        (0.01212805 -0.01867049 0.05000000)
        (0.01173067 -0.01837843 0.05000000)
        (0.01134347 -0.01808846 0.05000000)
        (0.01096626 -0.01780061 0.05000000)
        (0.01059887 -0.01751488 0.05000000)
        (0.01024112 -0.01723131 0.05000000)
        (0.00989284 -0.01694991 0.05000000)
        (0.00955385 -0.01667070 0.05000000)
        (0.00922399 -0.01639370 0.05000000)
        (0.00890309 -0.01611893 0.05000000)
        (0.00859097 -0.01584641 0.05000000)
        (0.00828746 -0.01557614 0.05000000)
        (0.00799241 -0.01530815 0.05000000)
        (0.00770564 -0.01504245 0.05000000)
        (0.00742700 -0.01477906 0.05000000)
        (0.00715631 -0.01451799 0.05000000)
        (0.00689343 -0.01425926 0.05000000)
        (0.00663819 -0.01400288 0.05000000)
        (0.00639044 -0.01374886 0.05000000)
        (0.00615001 -0.01349722 0.05000000)
        (0.00591676 -0.01324796 0.05000000)
        (0.00569053 -0.01300110 0.05000000)
        (0.00547118 -0.01275665 0.05000000)
        (0.00525854 -0.01251461 0.05000000)
        (0.00505248 -0.01227501 0.05000000)
        (0.00485285 -0.01203784 0.05000000)
        (0.00465951 -0.01180312 0.05000000)
        (0.00447230 -0.01157085 0.05000000)
        (0.00429110 -0.01134105 0.05000000)
        (0.00411576 -0.01111371 0.05000000)
        (0.00394614 -0.01088886 0.05000000)
        (0.00378212 -0.01066648 0.05000000)
        (0.00362355 -0.01044660 0.05000000)
        (0.00347030 -0.01022920 0.05000000)
        (0.00332224 -0.01001431 0.05000000)
        (0.00317925 -0.00980192 0.05000000)
        (0.00304120 -0.00959204 0.05000000)
        (0.00290796 -0.00938466 0.05000000)
        (0.00277940 -0.00917980 0.05000000)
        (0.00265542 -0.00897746 0.05000000)
        (0.00253589 -0.00877763 0.05000000)
        (0.00242068 -0.00858033 0.05000000)
        (0.00230969 -0.00838554 0.05000000)
        (0.00220280 -0.00819327 0.05000000)
        (0.00209990 -0.00800353 0.05000000)
        (0.00200088 -0.00781631 0.05000000)
        (0.00190563 -0.00763161 0.05000000)
        (0.00181404 -0.00744943 0.05000000)
        (0.00172601 -0.00726976 0.05000000)
        (0.00164143 -0.00709261 0.05000000)
        (0.00156021 -0.00691798 0.05000000)
        (0.00148224 -0.00674585 0.05000000)
        (0.00140743 -0.00657624 0.05000000)
        (0.00133568 -0.00640912 0.05000000)
        (0.00126690 -0.00624451 0.05000000)
        (0.00120099 -0.00608239 0.05000000)
        (0.00113786 -0.00592276 0.05000000)
        (0.00107743 -0.00576562 0.05000000)
        (0.00101961 -0.00561095 0.05000000)
        (0.00096432 -0.00545876 0.05000000)
        (0.00091146 -0.00530903 0.05000000)
        (0.00086096 -0.00516176 0.05000000)
        (0.00081274 -0.00501695 0.05000000)
        (0.00076672 -0.00487457 0.05000000)
        (0.00072283 -0.00473463 0.05000000)
        (0.00068099 -0.00459712 0.05000000)
        (0.00064112 -0.00446203 0.05000000)
        (0.00060316 -0.00432934 0.05000000)
        (0.00056704 -0.00419905 0.05000000)
        (0.00053269 -0.00407115 0.05000000)
        (0.00050004 -0.00394562 0.05000000)
        (0.00046902 -0.00382246 0.05000000)
        (0.00043958 -0.00370166 0.05000000)
        (0.00041166 -0.00358320 0.05000000)
        (0.00038519 -0.00346707 0.05000000)
        (0.00036011 -0.00335325 0.05000000)
        (0.00033638 -0.00324174 0.05000000)
        (0.00031393 -0.00313253 0.05000000)
        (0.00029271 -0.00302559 0.05000000)
        (0.00027266 -0.00292091 0.05000000)
        (0.00025375 -0.00281849 0.05000000)
        (0.00023591 -0.00271830 0.05000000)
        (0.00021911 -0.00262033 0.05000000)
        (0.00020329 -0.00252456 0.05000000)
        (0.00018842 -0.00243098 0.05000000)
        (0.00017444 -0.00233957 0.05000000)
        (0.00016131 -0.00225032 0.05000000)
        (0.00014900 -0.00216321 0.05000000)
        (0.00013746 -0.00207821 0.05000000)
        (0.00012667 -0.00199532 0.05000000)
        (0.00011657 -0.00191451 0.05000000)
        (0.00010714 -0.00183578 0.05000000)
        (0.00009834 -0.00175908 0.05000000)
        (0.00009013 -0.00168442 0.05000000)
        (0.00008250 -0.00161177 0.05000000)
        (0.00007540 -0.00154111 0.05000000)
        (0.00006880 -0.00147241 0.05000000)
        (0.00006269 -0.00140567 0.05000000)
        (0.00005702 -0.00134085 0.05000000)
        (0.00005178 -0.00127794 0.05000000)
        (0.00004694 -0.00121692 0.05000000)
        (0.00004247 -0.00115776 0.05000000)
        (0.00003836 -0.00110045 0.05000000)
        (0.00003458 -0.00104495 0.05000000)
        (0.00003111 -0.00099125 0.05000000)
        (0.00002793 -0.00093933 0.05000000)
        (0.00002502 -0.00088915 0.05000000)
        (0.00002236 -0.00084071 0.05000000)
        (0.00001994 -0.00079396 0.05000000)
        (0.00001774 -0.00074890 0.05000000)
        (0.00001574 -0.00070548 0.05000000)
        (0.00001393 -0.00066370 0.05000000)
        (0.00001229 -0.00062352 0.05000000)
        (0.00001081 -0.00058492 0.05000000)
        (0.00000948 -0.00054788 0.05000000)
        (0.00000829 -0.00051235 0.05000000)
        (0.00000723 -0.00047833 0.05000000)
        (0.00000628 -0.00044578 0.05000000)
        (0.00000543 -0.00041468 0.05000000)
        (0.00000468 -0.00038499 0.05000000)
        (0.00000402 -0.00035670 0.05000000)
        (0.00000343 -0.00032976 0.05000000)
        (0.00000292 -0.00030416 0.05000000)
        (0.00000247 -0.00027987 0.05000000)
        (0.00000208 -0.00025685 0.05000000)
        (0.00000174 -0.00023508 0.05000000)
        (0.00000145 -0.00021452 0.05000000)
        (0.00000120 -0.00019515 0.05000000)
        (0.00000099 -0.00017694 0.05000000)
        (0.00000081 -0.00015986 0.05000000)
        (0.00000065 -0.00014386 0.05000000)
        (0.00000052 -0.00012893 0.05000000)
        (0.00000042 -0.00011504 0.05000000)
        (0.00000033 -0.00010214 0.05000000)
        (0.00000026 -0.00009020 0.05000000)
        (0.00000020 -0.00007920 0.05000000)
        (0.00000015 -0.00006910 0.05000000)
        (0.00000011 -0.00005987 0.05000000)
        (0.00000008 -0.00005147 0.05000000)
        (0.00000006 -0.00004386 0.05000000)
        (0.00000004 -0.00003702 0.05000000)
        (0.00000003 -0.00003091 0.05000000)
        (0.00000002 -0.00002548 0.05000000)
        (0.00000001 -0.00002071 0.05000000)
        (0.00000001 -0.00001655 0.05000000)
        (0.00000001 -0.00001297 0.05000000)
        (0.00000000 -0.00000994 0.05000000)
        (0.00000000 -0.00000740 0.05000000)
        (0.00000000 -0.00000532 0.05000000)
        (0.00000000 -0.00000366 0.05000000)
        (0.00000000 -0.00000324 0.05000000)
        (0.00000000 -0.00000280 0.05000000)
        (0.00000000 -0.00000234 0.05000000)
        (0.00000000 -0.00000186 0.05000000)
        (0.00000000 -0.00000134 0.05000000)
        (0.00000000 -0.00000077 0.05000000)
        (0.00000000 -0.00000018 0.05000000)
        (0.00000000 0.00000077 0.05000000)
        (0.00000000 0.00000134 0.05000000)
        (0.00000000 0.00000186 0.05000000)
        (0.00000000 0.00000234 0.05000000)
        (0.00000000 0.00000280 0.05000000)
        (0.00000000 0.00000324 0.05000000)
        (0.00000000 0.00000366 0.05000000)
        (0.00000000 0.00000532 0.05000000)
        (0.00000000 0.00000740 0.05000000)
        (0.00000000 0.00000994 0.05000000)
        (0.00000001 0.00001297 0.05000000)
        (0.00000001 0.00001655 0.05000000)
        (0.00000001 0.00002071 0.05000000)
        (0.00000002 0.00002548 0.05000000)
        (0.00000003 0.00003091 0.05000000)
        (0.00000004 0.00003702 0.05000000)
        (0.00000006 0.00004386 0.05000000)
        (0.00000008 0.00005147 0.05000000)
        (0.00000011 0.00005987 0.05000000)
        (0.00000015 0.00006910 0.05000000)
        (0.00000020 0.00007920 0.05000000)
        (0.00000026 0.00009020 0.05000000)
        (0.00000033 0.00010214 0.05000000)
        (0.00000042 0.00011504 0.05000000)
        (0.00000052 0.00012893 0.05000000)
        (0.00000065 0.00014386 0.05000000)
        (0.00000081 0.00015986 0.05000000)
        (0.00000099 0.00017694 0.05000000)
        (0.00000120 0.00019515 0.05000000)
        (0.00000145 0.00021452 0.05000000)
        (0.00000174 0.00023508 0.05000000)
        (0.00000208 0.00025685 0.05000000)
        (0.00000247 0.00027987 0.05000000)
        (0.00000292 0.00030416 0.05000000)
        (0.00000343 0.00032976 0.05000000)
        (0.00000402 0.00035670 0.05000000)
        (0.00000468 0.00038499 0.05000000)
        (0.00000543 0.00041468 0.05000000)
        (0.00000628 0.00044578 0.05000000)
        (0.00000723 0.00047833 0.05000000)
        (0.00000829 0.00051235 0.05000000)
        (0.00000948 0.00054788 0.05000000)
        (0.00001081 0.00058492 0.05000000)
        (0.00001229 0.00062352 0.05000000)
        (0.00001393 0.00066370 0.05000000)
        (0.00001574 0.00070548 0.05000000)
        (0.00001774 0.00074890 0.05000000)
        (0.00001994 0.00079396 0.05000000)
        (0.00002236 0.00084071 0.05000000)
        (0.00002502 0.00088915 0.05000000)
        (0.00002793 0.00093933 0.05000000)
        (0.00003111 0.00099125 0.05000000)
        (0.00003458 0.00104495 0.05000000)
        (0.00003836 0.00110045 0.05000000)
        (0.00004247 0.00115776 0.05000000)
        (0.00004694 0.00121692 0.05000000)
        (0.00005178 0.00127794 0.05000000)
        (0.00005702 0.00134085 0.05000000)
        (0.00006269 0.00140567 0.05000000)
        (0.00006880 0.00147241 0.05000000)
        (0.00007540 0.00154111 0.05000000)
        (0.00008250 0.00161177 0.05000000)
        (0.00009013 0.00168442 0.05000000)
        (0.00009834 0.00175908 0.05000000)
        (0.00010714 0.00183578 0.05000000)
        (0.00011657 0.00191451 0.05000000)
        (0.00012667 0.00199532 0.05000000)
        (0.00013746 0.00207821 0.05000000)
        (0.00014900 0.00216321 0.05000000)
        (0.00016131 0.00225032 0.05000000)
        (0.00017444 0.00233957 0.05000000)
        (0.00018842 0.00243098 0.05000000)
        (0.00020329 0.00252456 0.05000000)
        (0.00021911 0.00262033 0.05000000)
        (0.00023591 0.00271830 0.05000000)
        (0.00025375 0.00281849 0.05000000)
        (0.00027266 0.00292091 0.05000000)
        (0.00029271 0.00302559 0.05000000)
        (0.00031393 0.00313253 0.05000000)
        (0.00033638 0.00324174 0.05000000)
        (0.00036011 0.00335325 0.05000000)
        (0.00038519 0.00346707 0.05000000)
        (0.00041166 0.00358320 0.05000000)
        (0.00043958 0.00370166 0.05000000)
        (0.00046902 0.00382246 0.05000000)
        (0.00050004 0.00394562 0.05000000)
        (0.00053269 0.00407115 0.05000000)
        (0.00056704 0.00419905 0.05000000)
        (0.00060316 0.00432934 0.05000000)
        (0.00064112 0.00446203 0.05000000)
        (0.00068099 0.00459712 0.05000000)
        (0.00072283 0.00473463 0.05000000)
        (0.00076672 0.00487457 0.05000000)
        (0.00081274 0.00501695 0.05000000)
        (0.00086096 0.00516176 0.05000000)
        (0.00091146 0.00530903 0.05000000)
        (0.00096432 0.00545876 0.05000000)
        (0.00101961 0.00561095 0.05000000)
        (0.00107743 0.00576562 0.05000000)
        (0.00113786 0.00592276 0.05000000)
        (0.00120099 0.00608239 0.05000000)
        (0.00126690 0.00624451 0.05000000)
        (0.00133568 0.00640912 0.05000000)
        (0.00140743 0.00657624 0.05000000)
        (0.00148224 0.00674585 0.05000000)
        (0.00156021 0.00691798 0.05000000)
        (0.00164143 0.00709261 0.05000000)
        (0.00172601 0.00726976 0.05000000)
        (0.00181404 0.00744943 0.05000000)
        (0.00190563 0.00763161 0.05000000)
        (0.00200088 0.00781631 0.05000000)
        (0.00209990 0.00800353 0.05000000)
        (0.00220280 0.00819327 0.05000000)
        (0.00230969 0.00838554 0.05000000)
        (0.00242068 0.00858033 0.05000000)
        (0.00253589 0.00877763 0.05000000)
        (0.00265542 0.00897746 0.05000000)
        (0.00277940 0.00917980 0.05000000)
        (0.00290796 0.00938466 0.05000000)
        (0.00304120 0.00959204 0.05000000)
        (0.00317925 0.00980192 0.05000000)
        (0.00332224 0.01001431 0.05000000)
        (0.00347030 0.01022920 0.05000000)
        (0.00362355 0.01044660 0.05000000)
        (0.00378212 0.01066648 0.05000000)
        (0.00394614 0.01088886 0.05000000)
        (0.00411576 0.01111371 0.05000000)
        (0.00429110 0.01134105 0.05000000)
        (0.00447230 0.01157085 0.05000000)
        (0.00465951 0.01180312 0.05000000)
        (0.00485285 0.01203784 0.05000000)
        (0.00505248 0.01227501 0.05000000)
        (0.00525854 0.01251461 0.05000000)
        (0.00547118 0.01275665 0.05000000)
        (0.00569053 0.01300110 0.05000000)
        (0.00591676 0.01324796 0.05000000)
        (0.00615001 0.01349722 0.05000000)
        (0.00639044 0.01374886 0.05000000)
        (0.00663819 0.01400288 0.05000000)
        (0.00689343 0.01425926 0.05000000)
        (0.00715631 0.01451799 0.05000000)
        (0.00742700 0.01477906 0.05000000)
        (0.00770564 0.01504245 0.05000000)
        (0.00799241 0.01530815 0.05000000)
        (0.00828746 0.01557614 0.05000000)
        (0.00859097 0.01584641 0.05000000)
        (0.00890309 0.01611893 0.05000000)
        (0.00922399 0.01639370 0.05000000)
        (0.00955385 0.01667070 0.05000000)
        (0.00989284 0.01694991 0.05000000)
        (0.01024112 0.01723131 0.05000000)
        (0.01059887 0.01751488 0.05000000)
        (0.01096626 0.01780061 0.05000000)
        (0.01134347 0.01808846 0.05000000)
        (0.01173067 0.01837843 0.05000000)
        (0.01212805 0.01867049 0.05000000)
        (0.01253578 0.01896462 0.05000000)
        (0.01295404 0.01926079 0.05000000)
        (0.01338301 0.01955899 0.05000000)
        (0.01382288 0.01985919 0.05000000)
        (0.01427383 0.02016136 0.05000000)
        (0.01473605 0.02046548 0.05000000)
        (0.01520971 0.02077153 0.05000000)
        (0.01569500 0.02107947 0.05000000)
        (0.01619212 0.02138929 0.05000000)
        (0.01670124 0.02170095 0.05000000)
        (0.01722256 0.02201443 0.05000000)
        (0.01775627 0.02232969 0.05000000)
        (0.01830256 0.02264672 0.05000000)
        (0.01886162 0.02296547 0.05000000)
        (0.01943363 0.02328592 0.05000000)
        (0.02001880 0.02360803 0.05000000)
        (0.02061731 0.02393178 0.05000000)
        (0.02122936 0.02425713 0.05000000)
        (0.02185514 0.02458405 0.05000000)
        (0.02249484 0.02491250 0.05000000)
        (0.02314867 0.02524246 0.05000000)
        (0.02381681 0.02557387 0.05000000)
        (0.02449946 0.02590671 0.05000000)
        (0.02519681 0.02624095 0.05000000)
        (0.02590906 0.02657653 0.05000000)
        (0.02663641 0.02691344 0.05000000)
        (0.02737905 0.02725161 0.05000000)
    )

    spline 4 5
    (
        (0.02891099 -0.02793164 -0.05000000)
        (0.02970068 -0.02827340 -0.05000000)
        (0.03050645 -0.02861627 -0.05000000)
        (0.03132848 -0.02896022 -0.05000000)
        (0.03216698 -0.02930519 -0.05000000)
        (0.03302215 -0.02965115 -0.05000000)
        (0.03389417 -0.02999804 -0.05000000)
        (0.03478324 -0.03034582 -0.05000000)
        (0.03568955 -0.03069445 -0.05000000)
        (0.03661331 -0.03104388 -0.05000000)
        (0.03755469 -0.03139406 -0.05000000)
        (0.03851391 -0.03174494 -0.05000000)
        (0.03949113 -0.03209647 -0.05000000)
        (0.04048657 -0.03244861 -0.05000000)
        (0.04150041 -0.03280130 -0.05000000)
        (0.04253283 -0.03315449 -0.05000000)
        (0.04358404 -0.03350813 -0.05000000)
        (0.04465421 -0.03386216 -0.05000000)
        (0.04574353 -0.03421653 -0.05000000)
        (0.04685220 -0.03457119 -0.05000000)
        (0.04798039 -0.03492609 -0.05000000)
        (0.04912830 -0.03528115 -0.05000000)
        (0.05029609 -0.03563634 -0.05000000)
        (0.05148397 -0.03599159 -0.05000000)
        (0.05269209 -0.03634684 -0.05000000)
        (0.05392066 -0.03670203 -0.05000000)
        (0.05516984 -0.03705711 -0.05000000)
        (0.05643981 -0.03741202 -0.05000000)
        (0.05773074 -0.03776669 -0.05000000)
        (0.05904282 -0.03812105 -0.05000000)
        (0.06037621 -0.03847506 -0.05000000)
        (0.06173108 -0.03882864 -0.05000000)
        (0.06310759 -0.03918174 -0.05000000)
        (0.06450593 -0.03953428 -0.05000000)
        (0.06592625 -0.03988621 -0.05000000)
        (0.06736871 -0.04023745 -0.05000000)
        (0.06883349 -0.04058794 -0.05000000)
        (0.07032072 -0.04093762 -0.05000000)
        (0.07183059 -0.04128641 -0.05000000)
        (0.07336323 -0.04163424 -0.05000000)
        (0.07491880 -0.04198106 -0.05000000)
        (0.07649745 -0.04232679 -0.05000000)
        (0.07809934 -0.04267135 -0.05000000)
        (0.07972460 -0.04301468 -0.05000000)
        (0.08137338 -0.04335671 -0.05000000)
        (0.08304583 -0.04369737 -0.05000000)
        (0.08474207 -0.04403658 -0.05000000)
        (0.08646225 -0.04437427 -0.05000000)
        (0.08820651 -0.04471037 -0.05000000)
        (0.08997496 -0.04504481 -0.05000000)
        (0.09176774 -0.04537750 -0.05000000)
        (0.09358498 -0.04570839 -0.05000000)
        (0.09542680 -0.04603739 -0.05000000)
        (0.09729331 -0.04636442 -0.05000000)
        (0.09918464 -0.04668942 -0.05000000)
        (0.10110090 -0.04701230 -0.05000000)
        (0.10304219 -0.04733299 -0.05000000)
        (0.10500864 -0.04765142 -0.05000000)
        (0.10700033 -0.04796751 -0.05000000)
        (0.10901737 -0.04828118 -0.05000000)
        (0.11105987 -0.04859235 -0.05000000)
        (0.11312791 -0.04890095 -0.05000000)
        (0.11522159 -0.04920690 -0.05000000)
        (0.11734099 -0.04951013 -0.05000000)
        (0.11948620 -0.04981055 -0.05000000)
        (0.12165730 -0.05010810 -0.05000000)
        (0.12385436 -0.05040268 -0.05000000)
        (0.12607747 -0.05069423 -0.05000000)
        (0.12832669 -0.05098267 -0.05000000)
        (0.13060209 -0.05126792 -0.05000000)
        (0.13290372 -0.05154991 -0.05000000)
        (0.13523166 -0.05182855 -0.05000000)
        (0.13758595 -0.05210377 -0.05000000)
        (0.13996664 -0.05237550 -0.05000000)
        (0.14237379 -0.05264365 -0.05000000)
    )

    spline 5 6
    (
        (0.14726761 -0.05316895 -0.05000000)
        (0.14975436 -0.05342593 -0.05000000)
        (0.15226771 -0.05367905 -0.05000000)
        (0.15480768 -0.05392822 -0.05000000)
        (0.15737431 -0.05417336 -0.05000000)
        (0.15996761 -0.05441441 -0.05000000)
        (0.16258759 -0.05465130 -0.05000000)
        (0.16523426 -0.05488394 -0.05000000)
        (0.16790764 -0.05511228 -0.05000000)
        (0.17060771 -0.05533623 -0.05000000)
        (0.17333448 -0.05555573 -0.05000000)
        (0.17608795 -0.05577071 -0.05000000)
        (0.17886808 -0.05598110 -0.05000000)
        (0.18167488 -0.05618683 -0.05000000)
        (0.18450832 -0.05638784 -0.05000000)
        (0.18736837 -0.05658405 -0.05000000)
        (0.19025501 -0.05677541 -0.05000000)
        (0.19316819 -0.05696184 -0.05000000)
        (0.19610788 -0.05714330 -0.05000000)
        (0.19907404 -0.05731970 -0.05000000)
        (0.20206661 -0.05749100 -0.05000000)
        (0.20508554 -0.05765712 -0.05000000)
        (0.20813078 -0.05781803 -0.05000000)
        (0.21120225 -0.05797364 -0.05000000)
        (0.21429990 -0.05812391 -0.05000000)
        (0.21742364 -0.05826879 -0.05000000)
        (0.22057340 -0.05840821 -0.05000000)
        (0.22374910 -0.05854213 -0.05000000)
        (0.22695064 -0.05867050 -0.05000000)
        (0.23017794 -0.05879325 -0.05000000)
        (0.23343090 -0.05891035 -0.05000000)
        (0.23670942 -0.05902175 -0.05000000)
        (0.24001338 -0.05912741 -0.05000000)
        (0.24334268 -0.05922726 -0.05000000)
        (0.24669719 -0.05932129 -0.05000000)
        (0.25007680 -0.05940943 -0.05000000)
        (0.25348137 -0.05949166 -0.05000000)
        (0.25691078 -0.05956793 -0.05000000)
        (0.26036489 -0.05963821 -0.05000000)
        (0.26384354 -0.05970247 -0.05000000)
        (0.26734661 -0.05976066 -0.05000000)
        (0.27087392 -0.05981277 -0.05000000)
        (0.27442533 -0.05985875 -0.05000000)
        (0.27800067 -0.05989858 -0.05000000)
        (0.28159977 -0.05993223 -0.05000000)
        (0.28522246 -0.05995969 -0.05000000)
        (0.28886856 -0.05998092 -0.05000000)
        (0.29253788 -0.05999591 -0.05000000)
        (0.29623024 -0.06000463 -0.05000000)
        (0.29994545 -0.06000707 -0.05000000)
        (0.30368330 -0.06000322 -0.05000000)
        (0.30744359 -0.05999305 -0.05000000)
        (0.31122612 -0.05997656 -0.05000000)
        (0.31503066 -0.05995374 -0.05000000)
        (0.31885700 -0.05992457 -0.05000000)
        (0.32270491 -0.05988906 -0.05000000)
        (0.32657417 -0.05984720 -0.05000000)
        (0.33046454 -0.05979898 -0.05000000)
        (0.33437578 -0.05974441 -0.05000000)
        (0.33830765 -0.05968348 -0.05000000)
        (0.34225989 -0.05961621 -0.05000000)
        (0.34623226 -0.05954258 -0.05000000)
        (0.35022450 -0.05946262 -0.05000000)
        (0.35423633 -0.05937633 -0.05000000)
        (0.35826749 -0.05928371 -0.05000000)
        (0.36231771 -0.05918479 -0.05000000)
        (0.36638671 -0.05907958 -0.05000000)
        (0.37047421 -0.05896809 -0.05000000)
        (0.37457991 -0.05885034 -0.05000000)
        (0.37870352 -0.05872635 -0.05000000)
        (0.38284474 -0.05859614 -0.05000000)
        (0.38700328 -0.05845974 -0.05000000)
        (0.39117883 -0.05831716 -0.05000000)
        (0.39537106 -0.05816845 -0.05000000)
        (0.39957968 -0.05801362 -0.05000000)
        (0.40380434 -0.05785270 -0.05000000)
        (0.40804474 -0.05768574 -0.05000000)
        (0.41230053 -0.05751275 -0.05000000)
        (0.41657139 -0.05733379 -0.05000000)
        (0.42085696 -0.05714887 -0.05000000)
        (0.42515692 -0.05695805 -0.05000000)
        (0.42947091 -0.05676136 -0.05000000)
        (0.43379858 -0.05655885 -0.05000000)
        (0.43813957 -0.05635056 -0.05000000)
        (0.44249351 -0.05613652 -0.05000000)
        (0.44686006 -0.05591680 -0.05000000)
        (0.45123883 -0.05569143 -0.05000000)
        (0.45562945 -0.05546047 -0.05000000)
        (0.46003154 -0.05522397 -0.05000000)
        (0.46444472 -0.05498197 -0.05000000)
        (0.46886861 -0.05473454 -0.05000000)
        (0.47330282 -0.05448172 -0.05000000)
        (0.47774695 -0.05422357 -0.05000000)
        (0.48220060 -0.05396016 -0.05000000)
        (0.48666338 -0.05369153 -0.05000000)
        (0.49113487 -0.05341775 -0.05000000)
        (0.49561468 -0.05313888 -0.05000000)
        (0.50010238 -0.05285497 -0.05000000)
        (0.50459757 -0.05256611 -0.05000000)
        (0.50909981 -0.05227233 -0.05000000)
        (0.51360870 -0.05197373 -0.05000000)
        (0.51812380 -0.05167035 -0.05000000)
        (0.52264468 -0.05136226 -0.05000000)
        (0.52717091 -0.05104954 -0.05000000)
        (0.53170206 -0.05073225 -0.05000000)
        (0.53623769 -0.05041047 -0.05000000)
        (0.54077735 -0.05008425 -0.05000000)
        (0.54532060 -0.04975369 -0.05000000)
        (0.54986699 -0.04941884 -0.05000000)
        (0.55441607 -0.04907978 -0.05000000)
        (0.55896738 -0.04873658 -0.05000000)
        (0.56352048 -0.04838932 -0.05000000)
        (0.56807490 -0.04803808 -0.05000000)
        (0.57263017 -0.04768293 -0.05000000)
        (0.57718585 -0.04732395 -0.05000000)
        (0.58174145 -0.04696120 -0.05000000)
        (0.58629651 -0.04659479 -0.05000000)
        (0.59085056 -0.04622477 -0.05000000)
        (0.59540313 -0.04585123 -0.05000000)
        (0.59995373 -0.04547425 -0.05000000)
        (0.60450190 -0.04509390 -0.05000000)
        (0.60904715 -0.04471028 -0.05000000)
        (0.61358900 -0.04432346 -0.05000000)
        (0.61812697 -0.04393352 -0.05000000)
        (0.62266057 -0.04354054 -0.05000000)
        (0.62718932 -0.04314461 -0.05000000)
        (0.63171273 -0.04274580 -0.05000000)
        (0.63623030 -0.04234421 -0.05000000)
        (0.64074155 -0.04193991 -0.05000000)
        (0.64524598 -0.04153299 -0.05000000)
        (0.64974310 -0.04112353 -0.05000000)
        (0.65423242 -0.04071162 -0.05000000)
        (0.65871343 -0.04029734 -0.05000000)
        (0.66318565 -0.03988077 -0.05000000)
        (0.66764857 -0.03946201 -0.05000000)
        (0.67210169 -0.03904113 -0.05000000)
        (0.67654452 -0.03861823 -0.05000000)
        (0.68097655 -0.03819339 -0.05000000)
        (0.68539729 -0.03776669 -0.05000000)
        (0.68980622 -0.03733822 -0.05000000)
        (0.69420285 -0.03690808 -0.05000000)
        (0.69858668 -0.03647633 -0.05000000)
        (0.70295721 -0.03604309 -0.05000000)
        (0.70731392 -0.03560842 -0.05000000)
        (0.71165633 -0.03517243 -0.05000000)
        (0.71598392 -0.03473519 -0.05000000)
        (0.72029619 -0.03429680 -0.05000000)
        (0.72459265 -0.03385734 -0.05000000)
        (0.72887278 -0.03341690 -0.05000000)
        (0.73313609 -0.03297558 -0.05000000)
        (0.73738207 -0.03253346 -0.05000000)
        (0.74161023 -0.03209063 -0.05000000)
        (0.74582006 -0.03164719 -0.05000000)
        (0.75001107 -0.03120321 -0.05000000)
        (0.75418275 -0.03075880 -0.05000000)
        (0.75833461 -0.03031404 -0.05000000)
        (0.76246616 -0.02986903 -0.05000000)
        (0.76657688 -0.02942385 -0.05000000)
        (0.77066630 -0.02897859 -0.05000000)
        (0.77473392 -0.02853335 -0.05000000)
        (0.77877924 -0.02808823 -0.05000000)
        (0.78280178 -0.02764330 -0.05000000)
        (0.78680105 -0.02719867 -0.05000000)
        (0.79077655 -0.02675443 -0.05000000)
        (0.79472781 -0.02631067 -0.05000000)
        (0.79865434 -0.02586748 -0.05000000)
        (0.80255565 -0.02542495 -0.05000000)
        (0.80643127 -0.02498319 -0.05000000)
        (0.81028073 -0.02454228 -0.05000000)
        (0.81410353 -0.02410232 -0.05000000)
        (0.81789922 -0.02366341 -0.05000000)
        (0.82166732 -0.02322563 -0.05000000)
        (0.82540735 -0.02278909 -0.05000000)
        (0.82911886 -0.02235387 -0.05000000)
        (0.83280139 -0.02192008 -0.05000000)
        (0.83645446 -0.02148781 -0.05000000)
        (0.84007762 -0.02105715 -0.05000000)
        (0.84367042 -0.02062820 -0.05000000)
        (0.84723240 -0.02020107 -0.05000000)
        (0.85076311 -0.01977584 -0.05000000)
        (0.85426212 -0.01935260 -0.05000000)
        (0.85772896 -0.01893147 -0.05000000)
        (0.86116321 -0.01851253 -0.05000000)
        (0.86456443 -0.01809589 -0.05000000)
        (0.86793218 -0.01768163 -0.05000000)
        (0.87126604 -0.01726986 -0.05000000)
        (0.87456558 -0.01686068 -0.05000000)
        (0.87783037 -0.01645418 -0.05000000)
        (0.88106000 -0.01605046 -0.05000000)
        (0.88425405 -0.01564961 -0.05000000)
        (0.88741211 -0.01525174 -0.05000000)
        (0.89053378 -0.01485694 -0.05000000)
        (0.89361865 -0.01446532 -0.05000000)
        (0.89666633 -0.01407696 -0.05000000)
        (0.89967641 -0.01369196 -0.05000000)
        (0.90264851 -0.01331042 -0.05000000)
        (0.90558224 -0.01293245 -0.05000000)
        (0.90847722 -0.01255813 -0.05000000)
        (0.91133308 -0.01218756 -0.05000000)
        (0.91414944 -0.01182084 -0.05000000)
        (0.91692594 -0.01145806 -0.05000000)
        (0.91966220 -0.01109932 -0.05000000)
        (0.92235788 -0.01074472 -0.05000000)
        (0.92501262 -0.01039435 -0.05000000)
        (0.92762607 -0.01004830 -0.05000000)
        (0.93019789 -0.00970667 -0.05000000)
        (0.93272774 -0.00936955 -0.05000000)
        (0.93521529 -0.00903703 -0.05000000)
        (0.93766020 -0.00870921 -0.05000000)
        (0.94006216 -0.00838617 -0.05000000)
        (0.94242086 -0.00806801 -0.05000000)
        (0.94473596 -0.00775482 -0.05000000)
        (0.94700718 -0.00744669 -0.05000000)
        (0.94923421 -0.00714370 -0.05000000)
        (0.95141675 -0.00684594 -0.05000000)
        (0.95355452 -0.00655349 -0.05000000)
        (0.95564723 -0.00626645 -0.05000000)
        (0.95769460 -0.00598490 -0.05000000)
        (0.95969636 -0.00570891 -0.05000000)
        (0.96165224 -0.00543858 -0.05000000)
        (0.96356198 -0.00517398 -0.05000000)
        (0.96542533 -0.00491519 -0.05000000)
        (0.96724204 -0.00466229 -0.05000000)
        (0.96901186 -0.00441536 -0.05000000)
        (0.97073456 -0.00417447 -0.05000000)
        (0.97240991 -0.00393969 -0.05000000)
        (0.97403768 -0.00371110 -0.05000000)
        (0.97561765 -0.00348877 -0.05000000)
        (0.97714962 -0.00327277 -0.05000000)
        (0.97863338 -0.00306316 -0.05000000)
        (0.98006872 -0.00286001 -0.05000000)
        (0.98145545 -0.00266339 -0.05000000)
        (0.98279340 -0.00247335 -0.05000000)
        (0.98408237 -0.00228996 -0.05000000)
        (0.98532220 -0.00211328 -0.05000000)
        (0.98651272 -0.00194336 -0.05000000)
        (0.98765376 -0.00178025 -0.05000000)
        (0.98874517 -0.00162402 -0.05000000)
        (0.98978682 -0.00147471 -0.05000000)
        (0.99077854 -0.00133236 -0.05000000)
        (0.99172022 -0.00119703 -0.05000000)
        (0.99261172 -0.00106876 -0.05000000)
        (0.99345293 -0.00094759 -0.05000000)
        (0.99424372 -0.00083356 -0.05000000)
        (0.99498400 -0.00072671 -0.05000000)
        (0.99567366 -0.00062707 -0.05000000)
        (0.99631261 -0.00053468 -0.05000000)
        (0.99690076 -0.00044957 -0.05000000)
        (0.99743804 -0.00037176 -0.05000000)
        (0.99792437 -0.00030129 -0.05000000)
        (0.99835968 -0.00023817 -0.05000000)
        (0.99874392 -0.00018242 -0.05000000)
        (0.99907703 -0.00013407 -0.05000000)
        (0.99935897 -0.00009314 -0.05000000)
        (0.99958970 -0.00005962 -0.05000000)
        (0.99976919 -0.00003354 -0.05000000)
        (0.99989741 -0.00001491 -0.05000000)
        (0.99997435 -0.00000373 -0.05000000)
        (1.00000000 0.00000000 -0.05000000)
    )

    spline 25 7
    (
        (0.02891099 0.02793164 -0.05000000)
        (0.02970068 0.02827340 -0.05000000)
        (0.03050645 0.02861627 -0.05000000)
        (0.03132848 0.02896022 -0.05000000)
        (0.03216698 0.02930519 -0.05000000)
        (0.03302215 0.02965115 -0.05000000)
        (0.03389417 0.02999804 -0.05000000)
        (0.03478324 0.03034582 -0.05000000)
        (0.03568955 0.03069445 -0.05000000)
        (0.03661331 0.03104388 -0.05000000)
        (0.03755469 0.03139406 -0.05000000)
        (0.03851391 0.03174494 -0.05000000)
        (0.03949113 0.03209647 -0.05000000)
        (0.04048657 0.03244861 -0.05000000)
        (0.04150041 0.03280130 -0.05000000)
        (0.04253283 0.03315449 -0.05000000)
        (0.04358404 0.03350813 -0.05000000)
        (0.04465421 0.03386216 -0.05000000)
        (0.04574353 0.03421653 -0.05000000)
        (0.04685220 0.03457119 -0.05000000)
        (0.04798039 0.03492609 -0.05000000)
        (0.04912830 0.03528115 -0.05000000)
        (0.05029609 0.03563634 -0.05000000)
        (0.05148397 0.03599159 -0.05000000)
        (0.05269209 0.03634684 -0.05000000)
        (0.05392066 0.03670203 -0.05000000)
        (0.05516984 0.03705711 -0.05000000)
        (0.05643981 0.03741202 -0.05000000)
        (0.05773074 0.03776669 -0.05000000)
        (0.05904282 0.03812105 -0.05000000)
        (0.06037621 0.03847506 -0.05000000)
        (0.06173108 0.03882864 -0.05000000)
        (0.06310759 0.03918174 -0.05000000)
        (0.06450593 0.03953428 -0.05000000)
        (0.06592625 0.03988621 -0.05000000)
        (0.06736871 0.04023745 -0.05000000)
        (0.06883349 0.04058794 -0.05000000)
        (0.07032072 0.04093762 -0.05000000)
        (0.07183059 0.04128641 -0.05000000)
        (0.07336323 0.04163424 -0.05000000)
        (0.07491880 0.04198106 -0.05000000)
        (0.07649745 0.04232679 -0.05000000)
        (0.07809934 0.04267135 -0.05000000)
        (0.07972460 0.04301468 -0.05000000)
        (0.08137338 0.04335671 -0.05000000)
        (0.08304583 0.04369737 -0.05000000)
        (0.08474207 0.04403658 -0.05000000)
        (0.08646225 0.04437427 -0.05000000)
        (0.08820651 0.04471037 -0.05000000)
        (0.08997496 0.04504481 -0.05000000)
        (0.09176774 0.04537750 -0.05000000)
        (0.09358498 0.04570839 -0.05000000)
        (0.09542680 0.04603739 -0.05000000)
        (0.09729331 0.04636442 -0.05000000)
        (0.09918464 0.04668942 -0.05000000)
        (0.10110090 0.04701230 -0.05000000)
        (0.10304219 0.04733299 -0.05000000)
        (0.10500864 0.04765142 -0.05000000)
        (0.10700033 0.04796751 -0.05000000)
        (0.10901737 0.04828118 -0.05000000)
        (0.11105987 0.04859235 -0.05000000)
        (0.11312791 0.04890095 -0.05000000)
        (0.11522159 0.04920690 -0.05000000)
        (0.11734099 0.04951013 -0.05000000)
        (0.11948620 0.04981055 -0.05000000)
        (0.12165730 0.05010810 -0.05000000)
        (0.12385436 0.05040268 -0.05000000)
        (0.12607747 0.05069423 -0.05000000)
        (0.12832669 0.05098267 -0.05000000)
        (0.13060209 0.05126792 -0.05000000)
        (0.13290372 0.05154991 -0.05000000)
        (0.13523166 0.05182855 -0.05000000)
        (0.13758595 0.05210377 -0.05000000)
        (0.13996664 0.05237550 -0.05000000)
        (0.14237379 0.05264365 -0.05000000)
    )

    spline 7 6
    (
        (0.14726761 0.05316895 -0.05000000)
        (0.14975436 0.05342593 -0.05000000)
        (0.15226771 0.05367905 -0.05000000)
        (0.15480768 0.05392822 -0.05000000)
        (0.15737431 0.05417336 -0.05000000)
        (0.15996761 0.05441441 -0.05000000)
        (0.16258759 0.05465130 -0.05000000)
        (0.16523426 0.05488394 -0.05000000)
        (0.16790764 0.05511228 -0.05000000)
        (0.17060771 0.05533623 -0.05000000)
        (0.17333448 0.05555573 -0.05000000)
        (0.17608795 0.05577071 -0.05000000)
        (0.17886808 0.05598110 -0.05000000)
        (0.18167488 0.05618683 -0.05000000)
        (0.18450832 0.05638784 -0.05000000)
        (0.18736837 0.05658405 -0.05000000)
        (0.19025501 0.05677541 -0.05000000)
        (0.19316819 0.05696184 -0.05000000)
        (0.19610788 0.05714330 -0.05000000)
        (0.19907404 0.05731970 -0.05000000)
        (0.20206661 0.05749100 -0.05000000)
        (0.20508554 0.05765712 -0.05000000)
        (0.20813078 0.05781803 -0.05000000)
        (0.21120225 0.05797364 -0.05000000)
        (0.21429990 0.05812391 -0.05000000)
        (0.21742364 0.05826879 -0.05000000)
        (0.22057340 0.05840821 -0.05000000)
        (0.22374910 0.05854213 -0.05000000)
        (0.22695064 0.05867050 -0.05000000)
        (0.23017794 0.05879325 -0.05000000)
        (0.23343090 0.05891035 -0.05000000)
        (0.23670942 0.05902175 -0.05000000)
        (0.24001338 0.05912741 -0.05000000)
        (0.24334268 0.05922726 -0.05000000)
        (0.24669719 0.05932129 -0.05000000)
        (0.25007680 0.05940943 -0.05000000)
        (0.25348137 0.05949166 -0.05000000)
        (0.25691078 0.05956793 -0.05000000)
        (0.26036489 0.05963821 -0.05000000)
        (0.26384354 0.05970247 -0.05000000)
        (0.26734661 0.05976066 -0.05000000)
        (0.27087392 0.05981277 -0.05000000)
        (0.27442533 0.05985875 -0.05000000)
        (0.27800067 0.05989858 -0.05000000)
        (0.28159977 0.05993223 -0.05000000)
        (0.28522246 0.05995969 -0.05000000)
        (0.28886856 0.05998092 -0.05000000)
        (0.29253788 0.05999591 -0.05000000)
        (0.29623024 0.06000463 -0.05000000)
        (0.29994545 0.06000707 -0.05000000)
        (0.30368330 0.06000322 -0.05000000)
        (0.30744359 0.05999305 -0.05000000)
        (0.31122612 0.05997656 -0.05000000)
        (0.31503066 0.05995374 -0.05000000)
        (0.31885700 0.05992457 -0.05000000)
        (0.32270491 0.05988906 -0.05000000)
        (0.32657417 0.05984720 -0.05000000)
        (0.33046454 0.05979898 -0.05000000)
        (0.33437578 0.05974441 -0.05000000)
        (0.33830765 0.05968348 -0.05000000)
        (0.34225989 0.05961621 -0.05000000)
        (0.34623226 0.05954258 -0.05000000)
        (0.35022450 0.05946262 -0.05000000)
        (0.35423633 0.05937633 -0.05000000)
        (0.35826749 0.05928371 -0.05000000)
        (0.36231771 0.05918479 -0.05000000)
        (0.36638671 0.05907958 -0.05000000)
        (0.37047421 0.05896809 -0.05000000)
        (0.37457991 0.05885034 -0.05000000)
        (0.37870352 0.05872635 -0.05000000)
        (0.38284474 0.05859614 -0.05000000)
        (0.38700328 0.05845974 -0.05000000)
        (0.39117883 0.05831716 -0.05000000)
        (0.39537106 0.05816845 -0.05000000)
        (0.39957968 0.05801362 -0.05000000)
        (0.40380434 0.05785270 -0.05000000)
        (0.40804474 0.05768574 -0.05000000)
        (0.41230053 0.05751275 -0.05000000)
        (0.41657139 0.05733379 -0.05000000)
        (0.42085696 0.05714887 -0.05000000)
        (0.42515692 0.05695805 -0.05000000)
        (0.42947091 0.05676136 -0.05000000)
        (0.43379858 0.05655885 -0.05000000)
        (0.43813957 0.05635056 -0.05000000)
        (0.44249351 0.05613652 -0.05000000)
        (0.44686006 0.05591680 -0.05000000)
        (0.45123883 0.05569143 -0.05000000)
        (0.45562945 0.05546047 -0.05000000)
        (0.46003154 0.05522397 -0.05000000)
        (0.46444472 0.05498197 -0.05000000)
        (0.46886861 0.05473454 -0.05000000)
        (0.47330282 0.05448172 -0.05000000)
        (0.47774695 0.05422357 -0.05000000)
        (0.48220060 0.05396016 -0.05000000)
        (0.48666338 0.05369153 -0.05000000)
        (0.49113487 0.05341775 -0.05000000)
        (0.49561468 0.05313888 -0.05000000)
        (0.50010238 0.05285497 -0.05000000)
        (0.50459757 0.05256611 -0.05000000)
        (0.50909981 0.05227233 -0.05000000)
        (0.51360870 0.05197373 -0.05000000)
        (0.51812380 0.05167035 -0.05000000)
        (0.52264468 0.05136226 -0.05000000)
        (0.52717091 0.05104954 -0.05000000)
        (0.53170206 0.05073225 -0.05000000)
        (0.53623769 0.05041047 -0.05000000)
        (0.54077735 0.05008425 -0.05000000)
        (0.54532060 0.04975369 -0.05000000)
        (0.54986699 0.04941884 -0.05000000)
        (0.55441607 0.04907978 -0.05000000)
        (0.55896738 0.04873658 -0.05000000)
        (0.56352048 0.04838932 -0.05000000)
        (0.56807490 0.04803808 -0.05000000)
        (0.57263017 0.04768293 -0.05000000)
        (0.57718585 0.04732395 -0.05000000)
        (0.58174145 0.04696120 -0.05000000)
        (0.58629651 0.04659479 -0.05000000)
        (0.59085056 0.04622477 -0.05000000)
        (0.59540313 0.04585123 -0.05000000)
        (0.59995373 0.04547425 -0.05000000)
        (0.60450190 0.04509390 -0.05000000)
        (0.60904715 0.04471028 -0.05000000)
        (0.61358900 0.04432346 -0.05000000)
        (0.61812697 0.04393352 -0.05000000)
        (0.62266057 0.04354054 -0.05000000)
        (0.62718932 0.04314461 -0.05000000)
        (0.63171273 0.04274580 -0.05000000)
        (0.63623030 0.04234421 -0.05000000)
        (0.64074155 0.04193991 -0.05000000)
        (0.64524598 0.04153299 -0.05000000)
        (0.64974310 0.04112353 -0.05000000)
        (0.65423242 0.04071162 -0.05000000)
        (0.65871343 0.04029734 -0.05000000)
        (0.66318565 0.03988077 -0.05000000)
        (0.66764857 0.03946201 -0.05000000)
        (0.67210169 0.03904113 -0.05000000)
        (0.67654452 0.03861823 -0.05000000)
        (0.68097655 0.03819339 -0.05000000)
        (0.68539729 0.03776669 -0.05000000)
        (0.68980622 0.03733822 -0.05000000)
        (0.69420285 0.03690808 -0.05000000)
        (0.69858668 0.03647633 -0.05000000)
        (0.70295721 0.03604309 -0.05000000)
        (0.70731392 0.03560842 -0.05000000)
        (0.71165633 0.03517243 -0.05000000)
        (0.71598392 0.03473519 -0.05000000)
        (0.72029619 0.03429680 -0.05000000)
        (0.72459265 0.03385734 -0.05000000)
        (0.72887278 0.03341690 -0.05000000)
        (0.73313609 0.03297558 -0.05000000)
        (0.73738207 0.03253346 -0.05000000)
        (0.74161023 0.03209063 -0.05000000)
        (0.74582006 0.03164719 -0.05000000)
        (0.75001107 0.03120321 -0.05000000)
        (0.75418275 0.03075880 -0.05000000)
        (0.75833461 0.03031404 -0.05000000)
        (0.76246616 0.02986903 -0.05000000)
        (0.76657688 0.02942385 -0.05000000)
        (0.77066630 0.02897859 -0.05000000)
        (0.77473392 0.02853335 -0.05000000)
        (0.77877924 0.02808823 -0.05000000)
        (0.78280178 0.02764330 -0.05000000)
        (0.78680105 0.02719867 -0.05000000)
        (0.79077655 0.02675443 -0.05000000)
        (0.79472781 0.02631067 -0.05000000)
        (0.79865434 0.02586748 -0.05000000)
        (0.80255565 0.02542495 -0.05000000)
        (0.80643127 0.02498319 -0.05000000)
        (0.81028073 0.02454228 -0.05000000)
        (0.81410353 0.02410232 -0.05000000)
        (0.81789922 0.02366341 -0.05000000)
        (0.82166732 0.02322563 -0.05000000)
        (0.82540735 0.02278909 -0.05000000)
        (0.82911886 0.02235387 -0.05000000)
        (0.83280139 0.02192008 -0.05000000)
        (0.83645446 0.02148781 -0.05000000)
        (0.84007762 0.02105715 -0.05000000)
        (0.84367042 0.02062820 -0.05000000)
        (0.84723240 0.02020107 -0.05000000)
        (0.85076311 0.01977584 -0.05000000)
        (0.85426212 0.01935260 -0.05000000)
        (0.85772896 0.01893147 -0.05000000)
        (0.86116321 0.01851253 -0.05000000)
        (0.86456443 0.01809589 -0.05000000)
        (0.86793218 0.01768163 -0.05000000)
        (0.87126604 0.01726986 -0.05000000)
        (0.87456558 0.01686068 -0.05000000)
        (0.87783037 0.01645418 -0.05000000)
        (0.88106000 0.01605046 -0.05000000)
        (0.88425405 0.01564961 -0.05000000)
        (0.88741211 0.01525174 -0.05000000)
        (0.89053378 0.01485694 -0.05000000)
        (0.89361865 0.01446532 -0.05000000)
        (0.89666633 0.01407696 -0.05000000)
        (0.89967641 0.01369196 -0.05000000)
        (0.90264851 0.01331042 -0.05000000)
        (0.90558224 0.01293245 -0.05000000)
        (0.90847722 0.01255813 -0.05000000)
        (0.91133308 0.01218756 -0.05000000)
        (0.91414944 0.01182084 -0.05000000)
        (0.91692594 0.01145806 -0.05000000)
        (0.91966220 0.01109932 -0.05000000)
        (0.92235788 0.01074472 -0.05000000)
        (0.92501262 0.01039435 -0.05000000)
        (0.92762607 0.01004830 -0.05000000)
        (0.93019789 0.00970667 -0.05000000)
        (0.93272774 0.00936955 -0.05000000)
        (0.93521529 0.00903703 -0.05000000)
        (0.93766020 0.00870921 -0.05000000)
        (0.94006216 0.00838617 -0.05000000)
        (0.94242086 0.00806801 -0.05000000)
        (0.94473596 0.00775482 -0.05000000)
        (0.94700718 0.00744669 -0.05000000)
        (0.94923421 0.00714370 -0.05000000)
        (0.95141675 0.00684594 -0.05000000)
        (0.95355452 0.00655349 -0.05000000)
        (0.95564723 0.00626645 -0.05000000)
        (0.95769460 0.00598490 -0.05000000)
        (0.95969636 0.00570891 -0.05000000)
        (0.96165224 0.00543858 -0.05000000)
        (0.96356198 0.00517398 -0.05000000)
        (0.96542533 0.00491519 -0.05000000)
        (0.96724204 0.00466229 -0.05000000)
        (0.96901186 0.00441536 -0.05000000)
        (0.97073456 0.00417447 -0.05000000)
        (0.97240991 0.00393969 -0.05000000)
        (0.97403768 0.00371110 -0.05000000)
        (0.97561765 0.00348877 -0.05000000)
        (0.97714962 0.00327277 -0.05000000)
        (0.97863338 0.00306316 -0.05000000)
        (0.98006872 0.00286001 -0.05000000)
        (0.98145545 0.00266339 -0.05000000)
        (0.98279340 0.00247335 -0.05000000)
        (0.98408237 0.00228996 -0.05000000)
        (0.98532220 0.00211328 -0.05000000)
        (0.98651272 0.00194336 -0.05000000)
        (0.98765376 0.00178025 -0.05000000)
        (0.98874517 0.00162402 -0.05000000)
        (0.98978682 0.00147471 -0.05000000)
        (0.99077854 0.00133236 -0.05000000)
        (0.99172022 0.00119703 -0.05000000)
        (0.99261172 0.00106876 -0.05000000)
        (0.99345293 0.00094759 -0.05000000)
        (0.99424372 0.00083356 -0.05000000)
        (0.99498400 0.00072671 -0.05000000)
        (0.99567366 0.00062707 -0.05000000)
        (0.99631261 0.00053468 -0.05000000)
        (0.99690076 0.00044957 -0.05000000)
        (0.99743804 0.00037176 -0.05000000)
        (0.99792437 0.00030129 -0.05000000)
        (0.99835968 0.00023817 -0.05000000)
        (0.99874392 0.00018242 -0.05000000)
        (0.99907703 0.00013407 -0.05000000)
        (0.99935897 0.00009314 -0.05000000)
        (0.99958970 0.00005962 -0.05000000)
        (0.99976919 0.00003354 -0.05000000)
        (0.99989741 0.00001491 -0.05000000)
        (0.99997435 0.00000373 -0.05000000)
        (1.00000000 0.00000000 -0.05000000)
    )
    spline 4 25
    (
        (0.02737905 -0.02725161 -0.05000000)
        (0.02663641 -0.02691344 -0.05000000)
        (0.02590906 -0.02657653 -0.05000000)
        (0.02519681 -0.02624095 -0.05000000)
        (0.02449946 -0.02590671 -0.05000000)
        (0.02381681 -0.02557387 -0.05000000)
        (0.02314867 -0.02524246 -0.05000000)
        (0.02249484 -0.02491250 -0.05000000)
        (0.02185514 -0.02458405 -0.05000000)
        (0.02122936 -0.02425713 -0.05000000)
        (0.02061731 -0.02393178 -0.05000000)
        (0.02001880 -0.02360803 -0.05000000)
        (0.01943363 -0.02328592 -0.05000000)
        (0.01886162 -0.02296547 -0.05000000)
        (0.01830256 -0.02264672 -0.05000000)
        (0.01775627 -0.02232969 -0.05000000)
        (0.01722256 -0.02201443 -0.05000000)
        (0.01670124 -0.02170095 -0.05000000)
        (0.01619212 -0.02138929 -0.05000000)
        (0.01569500 -0.02107947 -0.05000000)
        (0.01520971 -0.02077153 -0.05000000)
        (0.01473605 -0.02046548 -0.05000000)
        (0.01427383 -0.02016136 -0.05000000)
        (0.01382288 -0.01985919 -0.05000000)
        (0.01338301 -0.01955899 -0.05000000)
        (0.01295404 -0.01926079 -0.05000000)
        (0.01253578 -0.01896462 -0.05000000)
        (0.01212805 -0.01867049 -0.05000000)
        (0.01173067 -0.01837843 -0.05000000)
        (0.01134347 -0.01808846 -0.05000000)
        (0.01096626 -0.01780061 -0.05000000)
        (0.01059887 -0.01751488 -0.05000000)
        (0.01024112 -0.01723131 -0.05000000)
        (0.00989284 -0.01694991 -0.05000000)
        (0.00955385 -0.01667070 -0.05000000)
        (0.00922399 -0.01639370 -0.05000000)
        (0.00890309 -0.01611893 -0.05000000)
        (0.00859097 -0.01584641 -0.05000000)
        (0.00828746 -0.01557614 -0.05000000)
        (0.00799241 -0.01530815 -0.05000000)
        (0.00770564 -0.01504245 -0.05000000)
        (0.00742700 -0.01477906 -0.05000000)
        (0.00715631 -0.01451799 -0.05000000)
        (0.00689343 -0.01425926 -0.05000000)
        (0.00663819 -0.01400288 -0.05000000)
        (0.00639044 -0.01374886 -0.05000000)
        (0.00615001 -0.01349722 -0.05000000)
        (0.00591676 -0.01324796 -0.05000000)
        (0.00569053 -0.01300110 -0.05000000)
        (0.00547118 -0.01275665 -0.05000000)
        (0.00525854 -0.01251461 -0.05000000)
        (0.00505248 -0.01227501 -0.05000000)
        (0.00485285 -0.01203784 -0.05000000)
        (0.00465951 -0.01180312 -0.05000000)
        (0.00447230 -0.01157085 -0.05000000)
        (0.00429110 -0.01134105 -0.05000000)
        (0.00411576 -0.01111371 -0.05000000)
        (0.00394614 -0.01088886 -0.05000000)
        (0.00378212 -0.01066648 -0.05000000)
        (0.00362355 -0.01044660 -0.05000000)
        (0.00347030 -0.01022920 -0.05000000)
        (0.00332224 -0.01001431 -0.05000000)
        (0.00317925 -0.00980192 -0.05000000)
        (0.00304120 -0.00959204 -0.05000000)
        (0.00290796 -0.00938466 -0.05000000)
        (0.00277940 -0.00917980 -0.05000000)
        (0.00265542 -0.00897746 -0.05000000)
        (0.00253589 -0.00877763 -0.05000000)
        (0.00242068 -0.00858033 -0.05000000)
        (0.00230969 -0.00838554 -0.05000000)
        (0.00220280 -0.00819327 -0.05000000)
        (0.00209990 -0.00800353 -0.05000000)
        (0.00200088 -0.00781631 -0.05000000)
        (0.00190563 -0.00763161 -0.05000000)
        (0.00181404 -0.00744943 -0.05000000)
        (0.00172601 -0.00726976 -0.05000000)
        (0.00164143 -0.00709261 -0.05000000)
        (0.00156021 -0.00691798 -0.05000000)
        (0.00148224 -0.00674585 -0.05000000)
        (0.00140743 -0.00657624 -0.05000000)
        (0.00133568 -0.00640912 -0.05000000)
        (0.00126690 -0.00624451 -0.05000000)
        (0.00120099 -0.00608239 -0.05000000)
        (0.00113786 -0.00592276 -0.05000000)
        (0.00107743 -0.00576562 -0.05000000)
        (0.00101961 -0.00561095 -0.05000000)
        (0.00096432 -0.00545876 -0.05000000)
        (0.00091146 -0.00530903 -0.05000000)
        (0.00086096 -0.00516176 -0.05000000)
        (0.00081274 -0.00501695 -0.05000000)
        (0.00076672 -0.00487457 -0.05000000)
        (0.00072283 -0.00473463 -0.05000000)
        (0.00068099 -0.00459712 -0.05000000)
        (0.00064112 -0.00446203 -0.05000000)
        (0.00060316 -0.00432934 -0.05000000)
        (0.00056704 -0.00419905 -0.05000000)
        (0.00053269 -0.00407115 -0.05000000)
        (0.00050004 -0.00394562 -0.05000000)
        (0.00046902 -0.00382246 -0.05000000)
        (0.00043958 -0.00370166 -0.05000000)
        (0.00041166 -0.00358320 -0.05000000)
        (0.00038519 -0.00346707 -0.05000000)
        (0.00036011 -0.00335325 -0.05000000)
        (0.00033638 -0.00324174 -0.05000000)
        (0.00031393 -0.00313253 -0.05000000)
        (0.00029271 -0.00302559 -0.05000000)
        (0.00027266 -0.00292091 -0.05000000)
        (0.00025375 -0.00281849 -0.05000000)
        (0.00023591 -0.00271830 -0.05000000)
        (0.00021911 -0.00262033 -0.05000000)
        (0.00020329 -0.00252456 -0.05000000)
        (0.00018842 -0.00243098 -0.05000000)
        (0.00017444 -0.00233957 -0.05000000)
        (0.00016131 -0.00225032 -0.05000000)
        (0.00014900 -0.00216321 -0.05000000)
        (0.00013746 -0.00207821 -0.05000000)
        (0.00012667 -0.00199532 -0.05000000)
        (0.00011657 -0.00191451 -0.05000000)
        (0.00010714 -0.00183578 -0.05000000)
        (0.00009834 -0.00175908 -0.05000000)
        (0.00009013 -0.00168442 -0.05000000)
        (0.00008250 -0.00161177 -0.05000000)
        (0.00007540 -0.00154111 -0.05000000)
        (0.00006880 -0.00147241 -0.05000000)
        (0.00006269 -0.00140567 -0.05000000)
        (0.00005702 -0.00134085 -0.05000000)
        (0.00005178 -0.00127794 -0.05000000)
        (0.00004694 -0.00121692 -0.05000000)
        (0.00004247 -0.00115776 -0.05000000)
        (0.00003836 -0.00110045 -0.05000000)
        (0.00003458 -0.00104495 -0.05000000)
        (0.00003111 -0.00099125 -0.05000000)
        (0.00002793 -0.00093933 -0.05000000)
        (0.00002502 -0.00088915 -0.05000000)
        (0.00002236 -0.00084071 -0.05000000)
        (0.00001994 -0.00079396 -0.05000000)
        (0.00001774 -0.00074890 -0.05000000)
        (0.00001574 -0.00070548 -0.05000000)
        (0.00001393 -0.00066370 -0.05000000)
        (0.00001229 -0.00062352 -0.05000000)
        (0.00001081 -0.00058492 -0.05000000)
        (0.00000948 -0.00054788 -0.05000000)
        (0.00000829 -0.00051235 -0.05000000)
        (0.00000723 -0.00047833 -0.05000000)
        (0.00000628 -0.00044578 -0.05000000)
        (0.00000543 -0.00041468 -0.05000000)
        (0.00000468 -0.00038499 -0.05000000)
        (0.00000402 -0.00035670 -0.05000000)
        (0.00000343 -0.00032976 -0.05000000)
        (0.00000292 -0.00030416 -0.05000000)
        (0.00000247 -0.00027987 -0.05000000)
        (0.00000208 -0.00025685 -0.05000000)
        (0.00000174 -0.00023508 -0.05000000)
        (0.00000145 -0.00021452 -0.05000000)
        (0.00000120 -0.00019515 -0.05000000)
        (0.00000099 -0.00017694 -0.05000000)
        (0.00000081 -0.00015986 -0.05000000)
        (0.00000065 -0.00014386 -0.05000000)
        (0.00000052 -0.00012893 -0.05000000)
        (0.00000042 -0.00011504 -0.05000000)
        (0.00000033 -0.00010214 -0.05000000)
        (0.00000026 -0.00009020 -0.05000000)
        (0.00000020 -0.00007920 -0.05000000)
        (0.00000015 -0.00006910 -0.05000000)
        (0.00000011 -0.00005987 -0.05000000)
        (0.00000008 -0.00005147 -0.05000000)
        (0.00000006 -0.00004386 -0.05000000)
        (0.00000004 -0.00003702 -0.05000000)
        (0.00000003 -0.00003091 -0.05000000)
        (0.00000002 -0.00002548 -0.05000000)
        (0.00000001 -0.00002071 -0.05000000)
        (0.00000001 -0.00001655 -0.05000000)
        (0.00000001 -0.00001297 -0.05000000)
        (0.00000000 -0.00000994 -0.05000000)
        (0.00000000 -0.00000740 -0.05000000)
        (0.00000000 -0.00000532 -0.05000000)
        (0.00000000 -0.00000366 -0.05000000)
        (0.00000000 -0.00000324 -0.05000000)
        (0.00000000 -0.00000280 -0.05000000)
        (0.00000000 -0.00000234 -0.05000000)
        (0.00000000 -0.00000186 -0.05000000)
        (0.00000000 -0.00000134 -0.05000000)
        (0.00000000 -0.00000077 -0.05000000)
        (0.00000000 -0.00000018 -0.05000000)
        (0.00000000 0.00000077 -0.05000000)
        (0.00000000 0.00000134 -0.05000000)
        (0.00000000 0.00000186 -0.05000000)
        (0.00000000 0.00000234 -0.05000000)
        (0.00000000 0.00000280 -0.05000000)
        (0.00000000 0.00000324 -0.05000000)
        (0.00000000 0.00000366 -0.05000000)
        (0.00000000 0.00000532 -0.05000000)
        (0.00000000 0.00000740 -0.05000000)
        (0.00000000 0.00000994 -0.05000000)
        (0.00000001 0.00001297 -0.05000000)
        (0.00000001 0.00001655 -0.05000000)
        (0.00000001 0.00002071 -0.05000000)
        (0.00000002 0.00002548 -0.05000000)
        (0.00000003 0.00003091 -0.05000000)
        (0.00000004 0.00003702 -0.05000000)
        (0.00000006 0.00004386 -0.05000000)
        (0.00000008 0.00005147 -0.05000000)
        (0.00000011 0.00005987 -0.05000000)
        (0.00000015 0.00006910 -0.05000000)
        (0.00000020 0.00007920 -0.05000000)
        (0.00000026 0.00009020 -0.05000000)
        (0.00000033 0.00010214 -0.05000000)
        (0.00000042 0.00011504 -0.05000000)
        (0.00000052 0.00012893 -0.05000000)
        (0.00000065 0.00014386 -0.05000000)
        (0.00000081 0.00015986 -0.05000000)
        (0.00000099 0.00017694 -0.05000000)
        (0.00000120 0.00019515 -0.05000000)
        (0.00000145 0.00021452 -0.05000000)
        (0.00000174 0.00023508 -0.05000000)
        (0.00000208 0.00025685 -0.05000000)
        (0.00000247 0.00027987 -0.05000000)
        (0.00000292 0.00030416 -0.05000000)
        (0.00000343 0.00032976 -0.05000000)
        (0.00000402 0.00035670 -0.05000000)
        (0.00000468 0.00038499 -0.05000000)
        (0.00000543 0.00041468 -0.05000000)
        (0.00000628 0.00044578 -0.05000000)
        (0.00000723 0.00047833 -0.05000000)
        (0.00000829 0.00051235 -0.05000000)
        (0.00000948 0.00054788 -0.05000000)
        (0.00001081 0.00058492 -0.05000000)
        (0.00001229 0.00062352 -0.05000000)
        (0.00001393 0.00066370 -0.05000000)
        (0.00001574 0.00070548 -0.05000000)
        (0.00001774 0.00074890 -0.05000000)
        (0.00001994 0.00079396 -0.05000000)
        (0.00002236 0.00084071 -0.05000000)
        (0.00002502 0.00088915 -0.05000000)
        (0.00002793 0.00093933 -0.05000000)
        (0.00003111 0.00099125 -0.05000000)
        (0.00003458 0.00104495 -0.05000000)
        (0.00003836 0.00110045 -0.05000000)
        (0.00004247 0.00115776 -0.05000000)
        (0.00004694 0.00121692 -0.05000000)
        (0.00005178 0.00127794 -0.05000000)
        (0.00005702 0.00134085 -0.05000000)
        (0.00006269 0.00140567 -0.05000000)
        (0.00006880 0.00147241 -0.05000000)
        (0.00007540 0.00154111 -0.05000000)
        (0.00008250 0.00161177 -0.05000000)
        (0.00009013 0.00168442 -0.05000000)
        (0.00009834 0.00175908 -0.05000000)
        (0.00010714 0.00183578 -0.05000000)
        (0.00011657 0.00191451 -0.05000000)
        (0.00012667 0.00199532 -0.05000000)
        (0.00013746 0.00207821 -0.05000000)
        (0.00014900 0.00216321 -0.05000000)
        (0.00016131 0.00225032 -0.05000000)
        (0.00017444 0.00233957 -0.05000000)
        (0.00018842 0.00243098 -0.05000000)
        (0.00020329 0.00252456 -0.05000000)
        (0.00021911 0.00262033 -0.05000000)
        (0.00023591 0.00271830 -0.05000000)
        (0.00025375 0.00281849 -0.05000000)
        (0.00027266 0.00292091 -0.05000000)
        (0.00029271 0.00302559 -0.05000000)
        (0.00031393 0.00313253 -0.05000000)
        (0.00033638 0.00324174 -0.05000000)
        (0.00036011 0.00335325 -0.05000000)
        (0.00038519 0.00346707 -0.05000000)
        (0.00041166 0.00358320 -0.05000000)
        (0.00043958 0.00370166 -0.05000000)
        (0.00046902 0.00382246 -0.05000000)
        (0.00050004 0.00394562 -0.05000000)
        (0.00053269 0.00407115 -0.05000000)
        (0.00056704 0.00419905 -0.05000000)
        (0.00060316 0.00432934 -0.05000000)
        (0.00064112 0.00446203 -0.05000000)
        (0.00068099 0.00459712 -0.05000000)
        (0.00072283 0.00473463 -0.05000000)
        (0.00076672 0.00487457 -0.05000000)
        (0.00081274 0.00501695 -0.05000000)
        (0.00086096 0.00516176 -0.05000000)
        (0.00091146 0.00530903 -0.05000000)
        (0.00096432 0.00545876 -0.05000000)
        (0.00101961 0.00561095 -0.05000000)
        (0.00107743 0.00576562 -0.05000000)
        (0.00113786 0.00592276 -0.05000000)
        (0.00120099 0.00608239 -0.05000000)
        (0.00126690 0.00624451 -0.05000000)
        (0.00133568 0.00640912 -0.05000000)
        (0.00140743 0.00657624 -0.05000000)
        (0.00148224 0.00674585 -0.05000000)
        (0.00156021 0.00691798 -0.05000000)
        (0.00164143 0.00709261 -0.05000000)
        (0.00172601 0.00726976 -0.05000000)
        (0.00181404 0.00744943 -0.05000000)
        (0.00190563 0.00763161 -0.05000000)
        (0.00200088 0.00781631 -0.05000000)
        (0.00209990 0.00800353 -0.05000000)
        (0.00220280 0.00819327 -0.05000000)
        (0.00230969 0.00838554 -0.05000000)
        (0.00242068 0.00858033 -0.05000000)
        (0.00253589 0.00877763 -0.05000000)
        (0.00265542 0.00897746 -0.05000000)
        (0.00277940 0.00917980 -0.05000000)
        (0.00290796 0.00938466 -0.05000000)
        (0.00304120 0.00959204 -0.05000000)
        (0.00317925 0.00980192 -0.05000000)
        (0.00332224 0.01001431 -0.05000000)
        (0.00347030 0.01022920 -0.05000000)
        (0.00362355 0.01044660 -0.05000000)
        (0.00378212 0.01066648 -0.05000000)
        (0.00394614 0.01088886 -0.05000000)
        (0.00411576 0.01111371 -0.05000000)
        (0.00429110 0.01134105 -0.05000000)
        (0.00447230 0.01157085 -0.05000000)
        (0.00465951 0.01180312 -0.05000000)
        (0.00485285 0.01203784 -0.05000000)
        (0.00505248 0.01227501 -0.05000000)
        (0.00525854 0.01251461 -0.05000000)
        (0.00547118 0.01275665 -0.05000000)
        (0.00569053 0.01300110 -0.05000000)
        (0.00591676 0.01324796 -0.05000000)
        (0.00615001 0.01349722 -0.05000000)
        (0.00639044 0.01374886 -0.05000000)
        (0.00663819 0.01400288 -0.05000000)
        (0.00689343 0.01425926 -0.05000000)
        (0.00715631 0.01451799 -0.05000000)
        (0.00742700 0.01477906 -0.05000000)
        (0.00770564 0.01504245 -0.05000000)
        (0.00799241 0.01530815 -0.05000000)
        (0.00828746 0.01557614 -0.05000000)
        (0.00859097 0.01584641 -0.05000000)
        (0.00890309 0.01611893 -0.05000000)
        (0.00922399 0.01639370 -0.05000000)
        (0.00955385 0.01667070 -0.05000000)
        (0.00989284 0.01694991 -0.05000000)
        (0.01024112 0.01723131 -0.05000000)
        (0.01059887 0.01751488 -0.05000000)
        (0.01096626 0.01780061 -0.05000000)
        (0.01134347 0.01808846 -0.05000000)
        (0.01173067 0.01837843 -0.05000000)
        (0.01212805 0.01867049 -0.05000000)
        (0.01253578 0.01896462 -0.05000000)
        (0.01295404 0.01926079 -0.05000000)
        (0.01338301 0.01955899 -0.05000000)
        (0.01382288 0.01985919 -0.05000000)
        (0.01427383 0.02016136 -0.05000000)
        (0.01473605 0.02046548 -0.05000000)
        (0.01520971 0.02077153 -0.05000000)
        (0.01569500 0.02107947 -0.05000000)
        (0.01619212 0.02138929 -0.05000000)
        (0.01670124 0.02170095 -0.05000000)
        (0.01722256 0.02201443 -0.05000000)
        (0.01775627 0.02232969 -0.05000000)
        (0.01830256 0.02264672 -0.05000000)
        (0.01886162 0.02296547 -0.05000000)
        (0.01943363 0.02328592 -0.05000000)
        (0.02001880 0.02360803 -0.05000000)
        (0.02061731 0.02393178 -0.05000000)
        (0.02122936 0.02425713 -0.05000000)
        (0.02185514 0.02458405 -0.05000000)
        (0.02249484 0.02491250 -0.05000000)
        (0.02314867 0.02524246 -0.05000000)
        (0.02381681 0.02557387 -0.05000000)
        (0.02449946 0.02590671 -0.05000000)
        (0.02519681 0.02624095 -0.05000000)
        (0.02590906 0.02657653 -0.05000000)
        (0.02663641 0.02691344 -0.05000000)
        (0.02737905 0.02725161 -0.05000000)
    )
);

boundary
(

    inlet
    {
        type patch;
        faces
        (
            (27 11 15 29)
            (26 27 29 28)
            (8 26 28 12)
        );
    }

    outlet
    {
        type patch;
        faces
        (
            (10 17 19 14)
            (17 9 13 19)
        );
    }

    frontAndBack
    {
        type empty;
        faces
        (
            (24 3 11 27)
            (0 24 27 26)
            (0 26 8 1)
            (1 8 21 2)
            (3 2 20 11)
            (2 17 10 20)
            (2 21 9 17)

            (25 7 15 29)
            (4 25 29 28)
            (4 28 12 5)
            (7 6 22 15)
            (5 12 23 6)
            (6 19 14 22)
            (6 23 13 19)
        );
    }

    airfoil
    {
        type wall;
        faces
        (
            (24 3 7 25)
            (0 24 25 4)
            (0 4 5 1)
            (3 2 6 7)
            (1 2 6 5)
        );
    }

    farfield
    {
        type patch;
        faces
        (
            (20 10 14 22)
            (21 23 13 9)

            (11 20 22 15)
            (8 21 23 12)
        );
    }
);

mergePatchPairs
(
);
